Orf(87, 189, -0.1111891584186759802828631323)
Orf(91, 199, -0.09225386212605672941722797154)
Orf(91, 202, -0.09539662882532849199955744280)
Orf(91, 220, -2.403012256128839527452107377)
Orf(91, 244, -2.549720144820891469230098016)
Orf(228, 330, -0.2194325359707404199506364037)
Orf(144, 330, -0.2123588965307010660019596071)
Orf(387, 486, -0.07266591678158014546256828803)
Orf(360, 486, -0.1140646852461828167250989473)
Orf(351, 486, -2.007161749759572847905516714)
Orf(339, 486, -2.153362919460943121914278633)
Orf(492, 642, -3.013408381803709904046011808)
Orf(71, 449, -128.6379299275847496455468069)
Orf(71, 629, -1480.931056936821488258173869)
Orf(310, 655, -1.947148435313314407811834695)
Orf(310, 658, -0.09834123336939909066324846585)
Orf(310, 664, -2.000016999760442784612855933)
Orf(310, 670, -0.1013082817291164694391611357)
Orf(596, 734, -1.105872195071881433024233070)
Orf(539, 734, -1.824576470529557264481051850)
Orf(515, 734, -2.955339213771394503220558102)
Orf(512, 734, -3.071496054603185229600494488)
Orf(305, 734, -56.64922325374929924703674113)
Orf(269, 734, -785.5177066839873395396422485)
Orf(191, 734, -3012.018383359018091774783529)
Orf(657, 747, -1.454383782633830549635642006)
Orf(802, 892, -0.08239748497880736795379362865)
Orf(751, 892, -0.08318335806911516255140035423)
Orf(983, 1121, -0.1181261602809581327541725502)
Orf(983, 1139, -0.3164460177242492161457932202)
Orf(983, 1145, -0.3287658630502460153312418995)
Orf(983, 1148, -2.861719566787241866730043193)
Orf(983, 1160, -0.6760782900171949247222771766)
Orf(1270, 1360, -0.07411430917674125388854509252)
Orf(1264, 1360, -1.631766739469515541407299267)
Orf(1261, 1360, -1.700419817451798885698368179)
Orf(1258, 1360, -0.08824889028212052326135699898)
Orf(1249, 1360, -0.1048813788351336003309020087)
Orf(1243, 1360, -3.004546924819551691062250984)
Orf(1240, 1360, -5.260665020143813748940177495)
Orf(1228, 1360, -2.314355323259963425385945859)
Orf(1213, 1360, -0.3344718862757332585440628487)
Orf(1171, 1360, -0.3993435677723535015210566482)
Orf(1165, 1360, -3.342386817620518793961420882)
Orf(1238, 1337, -2.308798288958346529630413718)
Orf(1238, 1349, -0.2027359730901431813990784701)
Orf(1238, 1367, -0.2359816960788427785583000670)
Orf(1162, 1330, -0.1265858302922384111659045157)
Orf(1162, 1354, -0.1281863440143354942613551166)
Orf(771, 996, -17.74933596007144883837334548)
Orf(771, 1062, -4.576720156071347637331166801)
Orf(771, 1128, -10.50755826501328754533890922)
Orf(771, 1404, -837.9268649308746388229498864)
Orf(771, 1419, -1218.167399599423281536478542)
Orf(771, 1434, -1542.316756852470343357009216)
Orf(771, 1536, -5926.361031212111009475180413)
Orf(1579, 1675, -1.443789829799226968913465961)
Orf(1540, 1675, -1.548495024505746380072649389)
Orf(1504, 1675, -1.670177053198130193559386869)
Orf(1483, 1675, -0.08688784656018544374358260742)
Orf(1462, 1675, -0.04217720016629587571473597100)
Orf(1423, 1675, -0.09031599110219354443833937933)
Orf(1420, 1675, -1.860236291111052383865359435)
Orf(1393, 1675, -0.3026141120770760070160660573)
Orf(1384, 1675, -0.2968638700512051348608802071)
Orf(1378, 1675, -0.1921362230299070887886950824)
Orf(1573, 1663, -0.1493460925071340230625336561)
Orf(1682, 1784, -0.3290652379694769965643342155)
Orf(1682, 1787, -0.3532040328951491038112139586)
Orf(1641, 1860, -4.897341986336347657217285203)
Orf(1928, 2042, -1.755258516906835913148050465)
Orf(1928, 2045, -0.08983619224213611393423405368)
Orf(2071, 2167, -0.1342706299606376692709270040)
Orf(2068, 2167, -1.198714193039480305608883083)
Orf(2035, 2167, -1.310800629393981070731147580)
Orf(2029, 2167, -0.1602879643448982891747073405)
Orf(2011, 2167, -1.455355987972833818840008454)
Orf(1978, 2167, -0.1182848004892944554196750303)
Orf(2054, 2174, -3.090470836127569694531989096)
Orf(2339, 2450, -0.06553353261956920477505211323)
Orf(2339, 2462, -0.08672412835595851214320467501)
Orf(2296, 2470, -0.1304189128200886640769024259)
Orf(2486, 2582, -0.06100004335826906549491263320)
Orf(2486, 2585, -0.06209035020491669735907554360)
Orf(1866, 2004, -0.3679746254839806842361818948)
Orf(1866, 2151, -21.39751736192427319506155904)
Orf(1866, 2340, -16.03210999287678983707210734)
Orf(2418, 2634, -2.854339406807048729587614643)
Orf(2214, 2634, -584.0396504050087449489350001)
Orf(2205, 2634, -61.35282782943293467492419783)
Orf(2166, 2634, -79.86440367636674599263799187)
Orf(2130, 2634, -165.9035416731448139845692927)
Orf(2079, 2634, -2211.959323429325376062315307)
Orf(2031, 2634, -537.0994192529934068739554268)
Orf(1995, 2634, -6185.419434718808488105799587)
Orf(1935, 2634, -18432.75801839995119406047870)
Orf(1887, 2634, -2816.614276347362822492476502)
Orf(1842, 2634, -45565.47916075627411636211325)
Orf(1839, 2634, -6547.048161674771188763429159)
Orf(1740, 2634, -187121.9805602683765490966005)
Orf(1719, 2634, -29418.97355154123299358393027)
Orf(1674, 2634, -36749.55276323753436973413205)
Orf(1518, 2634, -291462.3020439467918205792533)
Orf(1410, 2634, -8894560.597967334656489634142)
Orf(1359, 2634, -1440650.179434765047896567577)
Orf(1230, 2634, -17947420.14348254943498550038)
Orf(1224, 2634, -8208878.141737077644642714741)
Orf(1149, 2634, -230747871.8351853097265200193)
Orf(1053, 2634, -784272774.1001130880900022634)
Orf(1023, 2634, -50481836.68847477406217291066)
Orf(963, 2634, -2890943365.536792713918568120)
Orf(933, 2634, -905224184.5911789111034028877)
Orf(930, 2634, -952702896.9243699395478726532)
Orf(924, 2634, -710558364.4228568812828345971)
Orf(900, 2634, -8205220287.226787756448997130)
Orf(891, 2634, -10090804986.14878104583426462)
Orf(711, 2634, -9377903248.100325315041882732)
Orf(2572, 2677, -0.2160399919107797985181930306)
Orf(2569, 2677, -1.864374590265716751467422397)
Orf(2539, 2677, -0.2437686141988334360070707852)
Orf(2488, 2677, -1.828415236443326405787483465)
Orf(2464, 2677, -1.980189368531351218019764935)
Orf(2422, 2677, -2.616803880665052579821674147)
Orf(2616, 2703, -0.09153162234485624769515648415)
Orf(2536, 2743, -0.1753250880690687382218247469)
Orf(2536, 2797, -1.511453199428507713312814909)
Orf(2750, 2837, -0.2694819772619591796590915461)
Orf(2729, 2837, -0.4479887557580922194866371913)
Orf(2699, 2837, -0.7285105392511045660355295225)
Orf(2684, 2837, -5.737780224980577536047735272)
Orf(2633, 2837, -9.235367503354794969772543847)
Orf(2736, 2847, -0.4819178840284917838859417405)
Orf(2736, 2850, -4.339098762896706224062384087)
Orf(2736, 2856, -0.3804890553364610204708026512)
Orf(2736, 2877, -3.766407760164745071151324100)
Orf(2832, 2961, -3.026759941348994337700546895)
Orf(2603, 2882, -5.359745812682104336676230501)
Orf(2603, 2954, -0.8080479314745409834821845442)
Orf(2907, 3003, -0.05721549486373942991288089181)
Orf(2907, 3030, -0.1160422192750130487878200406)
Orf(3149, 3242, -0.2163031816876066711539373358)
Orf(3041, 3242, -2.478384571723364799578830597)
Orf(3005, 3242, -2.965612709307606076447147135)
Orf(2999, 3242, -0.3645380971254001620133827954)
Orf(2972, 3242, -3.665259229540897561943949027)
Orf(2966, 3242, -0.5211920836133940646269948007)
Orf(2960, 3242, -0.5776179554386896807828363162)
Orf(2927, 3242, -0.3644918933131104667965199857)
Orf(2915, 3242, -0.6307677273580507986950081137)
Orf(2897, 3242, -5.533834980938418331161573385)
Orf(3120, 3210, -1.138294356954783719839847875)
Orf(3120, 3231, -0.1520965070201230762603856148)
Orf(3120, 3240, -1.381145676995537505152340051)
Orf(3120, 3264, -1.952089987424810014722963818)
Orf(2830, 3064, -5.598796750121695695476520046)
Orf(2830, 3073, -6.418142603526667277880079921)
Orf(2830, 3103, -10.45174041723173591107734382)
Orf(2830, 3268, -6.790645742978708900353586850)
Orf(3447, 3534, -1.347664283321006086971342597)
Orf(3506, 3596, -0.1705804496543561977844406172)
Orf(3431, 3596, -0.1589888818573713037960762642)
Orf(3422, 3596, -1.360770006156609187867700457)
Orf(3410, 3596, -0.1926185108327669103961791017)
Orf(3404, 3596, -0.2170367185143733132523229255)
Orf(3281, 3596, -0.2060713493778998613902572443)
Orf(3257, 3596, -0.2044814909814302526400711240)
Orf(3588, 3675, -0.1653056680675614257014755132)
Orf(3588, 3678, -1.431907821678772362015270807)
Orf(3668, 3755, -1.516102796089754149329310488)
Orf(3703, 3829, -0.3580270598359403470170722829)
Orf(3716, 3818, -0.06947863615894658612099036524)
Orf(3716, 3848, -0.1592007537071571166739347911)
Orf(3716, 3905, -0.1586212168052104558515620013)
Orf(3716, 3989, -0.1835879169577876371542660678)
Orf(3998, 4109, -0.1335660703009713282339845858)
Orf(4022, 4121, -0.05269506856145299348985073029)
Orf(4074, 4284, -0.2950186253743818013300877799)
Orf(4011, 4284, -0.4183249629564448622733042698)
Orf(4133, 4274, -0.06302807228002648975702507084)
Orf(4120, 4396, -0.4866858136044593692664999236)
Orf(4327, 4435, -1.789784483660050718125200841)
Orf(4231, 4435, -7.305840349077631710771295654)
Orf(4228, 4435, -0.9233572557807274367323402676)
Orf(4192, 4435, -11.84985415017902976422326973)
Orf(4108, 4435, -3.324174898902882072543772943)
Orf(4105, 4435, -4.226034703610436940919265928)
Orf(4066, 4435, -62.06106099579593211886486011)
Orf(4024, 4435, -66.51605746531245451585598873)
Orf(3973, 4435, -93.58007706185091091644280165)
Orf(3892, 4435, -29.74258239498149077108776939)
Orf(3835, 4435, -440.6399193879595226339532750)
Orf(3709, 4435, -2181.123256540254980903184647)
Orf(3664, 4435, -3490.421381192041348217806494)
Orf(3655, 4435, -634.4901640817992268157088379)
Orf(3613, 4435, -10531.37797080392714928907001)
Orf(3607, 4435, -9876.675278669394986132085511)
Orf(3598, 4435, -9149.596883706943295002974828)
Orf(3595, 4435, -1151.544348063417233502918865)
Orf(3583, 4435, -1471.888597100344296368753470)
Orf(3553, 4435, -2159.623176886431384295879066)
Orf(3478, 4435, -43784.71406163007893535525175)
Orf(3412, 4435, -14002.53867641020371827638855)
Orf(3346, 4435, -159204.9830565159685328328323)
Orf(3265, 4435, -400770.0966713309994889757386)
Orf(3259, 4435, -47607.69735047504915216268409)
Orf(3244, 4435, -432625.3919760844035662423289)
Orf(3241, 4435, -470486.5553196880172747939216)
Orf(2983, 4435, -536138.9295640646620681844608)
Orf(2968, 4435, -1653086.455006425942311358237)
Orf(2938, 4435, -827418.7856102524919037415713)
Orf(2878, 4435, -29936305.69176308260346723023)
Orf(2836, 4435, -32204785.32562121231826905895)
Orf(4349, 4445, -2.558100191638011834604538166)
Orf(4510, 4612, -0.05326490004884391377401387455)
Orf(4536, 4626, -0.1322520731815017410361310869)
Orf(4746, 4836, -1.001755632606001134887490384)
Orf(4735, 4852, -1.540446025858132907775079305)
Orf(4735, 4855, -1.598641246466056538269909653)
Orf(4735, 4873, -1.712182684677137920488306816)
Orf(4735, 4897, -0.09835503022817506783675135726)
Orf(4735, 4903, -2.060297974918098335057823419)
Orf(4885, 5005, -1.583120870535033463722958513)
Orf(5043, 5139, -0.05203209522078930142544483181)
Orf(5043, 5172, -1.377016642656643840212667133)
Orf(4604, 4760, -0.1864814699113567363621992370)
Orf(4604, 5000, -2.682454247488341864332528406)
Orf(4604, 5066, -47.76672461963237641022053532)
Orf(4604, 5093, -72.14661698935151820814235302)
Orf(5244, 5343, -9.268518599980592234308020190)
Orf(5241, 5343, -0.5385609895020101848213854315)
Orf(5196, 5343, -0.1870330572221447302326017793)
Orf(5154, 5343, -0.1946264599938725335280418816)
Orf(5103, 5343, -3.993842740848584333834814659)
Orf(5076, 5343, -3.791101301806319860132223164)
Orf(5230, 5347, -0.07507713375175139658016387999)
Orf(5356, 5467, -0.1503006264692984193423220814)
Orf(5356, 5497, -2.185378321875607251638116047)
Orf(5356, 5512, -0.08051363340046927057923948670)
Orf(5478, 5574, -0.07555596103073649874449801960)
Orf(5511, 5610, -0.1501621209585916430892678816)
Orf(5511, 5613, -0.1533325469215888727370753256)
Orf(5511, 5622, -0.1630086272827830249879470620)
Orf(5511, 5667, -0.2177942253523265031531518588)
Orf(5511, 5673, -0.2209648156769292806075281956)
Orf(5511, 5697, -2.029290695079939474213522245)
Orf(5579, 5735, -0.3009698946976906047908775146)
Orf(5573, 5735, -2.635877808885124973666177757)
Orf(5552, 5735, -0.4707585417681224515485847361)
Orf(5501, 5735, -5.190192357460984053965999254)
Orf(5453, 5735, -1.024036319115826570677679255)
Orf(5408, 5735, -1.215255266800915288172790391)
Orf(5405, 5735, -1.434704813185772854446250863)
Orf(5342, 5735, -62.87052704993936458694658269)
Orf(5294, 5735, -23.49556837367336081039118251)
Orf(5219, 5735, -10.55411361975973705377703897)
Orf(5198, 5735, -7.836011484992872663504947626)
Orf(5189, 5735, -9.573192421950904132018922690)
Orf(5165, 5735, -12.22010698490682508947327007)
Orf(5150, 5735, -150.4543072420382545791603563)
Orf(5132, 5735, -152.4707317238170624876571236)
Orf(5072, 5735, -32.33615621572043806718117289)
Orf(5036, 5735, -90.89722187804123110964643137)
Orf(4994, 5735, -919.3779576326982372697551024)
Orf(4991, 5735, -1116.231150866046381044575687)
Orf(4925, 5735, -71.28002614289184043501618610)
Orf(4904, 5735, -1561.638293227299265970716185)
Orf(4865, 5735, -312.4270802215678560747324207)
Orf(4826, 5735, -694.1240339008143026178980857)
Orf(4823, 5735, -4719.148961715305695366061255)
Orf(4805, 5735, -4555.985478287079799219622929)
Orf(4784, 5735, -723.3070317417226407616803371)
Orf(4781, 5735, -7313.751940218482821598272672)
Orf(4727, 5735, -11533.33465971717402395943650)
Orf(4676, 5735, -1793.563048339232810431382728)
Orf(4667, 5735, -1867.382876649829033509431187)
Orf(4652, 5735, -17243.29086091814770172383552)
Orf(4556, 5735, -6456.493720290240028925551706)
Orf(4478, 5735, -132938.2751744768178823842998)
Orf(4457, 5735, -139074.2316340074754812926367)
Orf(4418, 5735, -89105.37559252813348021968955)
Orf(4379, 5735, -31552.37056694884238134048064)
Orf(4337, 5735, -98919.07877695523573840109893)
Orf(4319, 5735, -177640.4134901428252283364197)
Orf(4304, 5735, -39921.97526805834489223350802)
Orf(4283, 5735, -111350.8072142581730316920110)
Orf(5527, 5638, -0.1230283648768620073856969677)
Orf(5527, 5725, -0.1439219844631042817016539382)
Orf(5527, 5755, -0.08891233297452562378609930658)
Orf(5803, 5902, -0.1906208723528670386474293192)
Orf(5803, 5905, -0.1940164184508550024284972446)
Orf(5803, 5926, -3.152997014546094984707083876)
Orf(5803, 5956, -0.2647971776208053643825237184)
Orf(5803, 5959, -0.2702891183745642507373182241)
Orf(5766, 6063, -0.07506321813837084889777296804)
Orf(5861, 6077, -5.769874674511205301587083233)
Orf(5849, 6077, -5.824902032589358843683972118)
Orf(5828, 6077, -0.3506602155554779004071889817)
Orf(5747, 6077, -14.29708721859498548034243292)
Orf(5741, 6077, -13.26907119332245374040294080)
Orf(5372, 5528, -0.3088195741821271761709459747)
Orf(5372, 5771, -17.31557201160051183325310277)
Orf(5372, 5804, -18.84191086487895960274605695)
Orf(6000, 6096, -1.364328764807046486936026182)
Orf(5994, 6096, -1.409248655653424136345194008)
Orf(6190, 6277, -0.1031483246855550699683068021)
Orf(6172, 6277, -3.304037602282144622310741406)
Orf(6251, 6341, -0.1885132091183999086506105972)
Orf(6251, 6368, -0.09552879579277534821255422079)
Orf(6418, 6559, -1.895352376954177492340692660)
Orf(6506, 6617, -1.893305666541674901733996834)
Orf(6506, 6620, -0.1736921697997093393164652226)
Orf(6506, 6635, -0.1878181887922521066728923401)
Orf(6506, 6647, -0.1008056794642390008316795072)
Orf(6506, 6656, -0.08223539596855987858726279218)
Orf(6506, 6662, -0.2049217101496361057226178627)
Orf(6604, 6700, -0.1469449237377471981059701140)
Orf(6583, 6700, -0.05865425343304793444722397471)
Orf(6565, 6700, -0.1461778623665759589891736014)
Orf(6692, 6842, -0.1347002308761448486224359025)
Orf(6854, 6941, -0.07595490174331205261909949572)
Orf(6854, 6944, -0.1863960065404453441762617399)
Orf(6854, 6962, -0.1945017659010972570263293171)
Orf(6919, 7012, -0.1238049051632627667572512650)
Orf(6874, 7060, -1.750369539778942070795079766)
Orf(6868, 7060, -1.772779336346290000573947942)
Orf(6258, 6378, -5.901076466899678670998568040)
Orf(7059, 7158, -0.3239848591340151838319333899)
Orf(6951, 7158, -1.157323309928607233016771793)
Orf(6948, 7158, -11.94399127001074564609386716)
Orf(6906, 7158, -2.737141212821601643621845242)
Orf(6888, 7158, -2.920618394181700059034514547)
Orf(6876, 7158, -3.543379332597732355346439777)
Orf(6864, 7158, -33.41690151096463048091249428)
Orf(6849, 7158, -5.547216036861457149732964583)
Orf(6828, 7158, -12.48274258759869367164271100)
Orf(6729, 7158, -27.65733034505725545167933186)
Orf(6717, 7158, -37.39298475719089099609653323)
Orf(6714, 7158, -39.24873724657431805256204894)
Orf(6594, 7158, -3152.004704644995725374521172)
Orf(6588, 7158, -174.0370937581357866243478433)
Orf(6558, 7158, -2471.012771100280769317674863)
Orf(6537, 7158, -420.1725765823738189292651083)
Orf(6519, 7158, -4983.306838553488780025612852)
Orf(6480, 7158, -7038.006020331773593412120801)
Orf(6471, 7158, -8322.888924874893393187813130)
Orf(6396, 7158, -12636.15365321189984711779225)
Orf(6384, 7158, -1749.473450799316125686121952)
Orf(6282, 7158, -70484.34712489955855437393037)
Orf(6141, 7158, -602409.2097355624636386711807)
Orf(6135, 7158, -757309.6688798052381289440094)
Orf(6108, 7158, -163658.4682280911570874139283)
Orf(7087, 7201, -1.134010054251335846346680307)
Orf(7087, 7330, -0.1785841446292458883157020876)
Orf(7097, 7247, -0.1794101763804423798623264376)
Orf(7097, 7388, -15.98655042017328828249856317)
Orf(7348, 7450, -0.1340330494395887171995095725)
Orf(7482, 7569, -1.499283341688791472306136732)
Orf(7511, 7598, -0.3482985481940141161478036562)
Orf(7466, 7598, -0.4704261690541833704395721283)
Orf(7457, 7598, -0.5088983311454171722649189729)
Orf(7424, 7598, -1.021130509614630750673640488)
Orf(7400, 7598, -1.107838092101316726818460752)
Orf(7376, 7598, -1.928790153192086050996420402)
Orf(7301, 7598, -4.144676272836862467267929861)
Orf(7202, 7598, -149.4990786058717561705816994)
Orf(7190, 7598, -16.96320627091341183132437547)
Orf(7163, 7598, -168.0944183923696390072960595)
Orf(7406, 7595, -0.2911233422217765439805621883)
Orf(7637, 7724, -2.144010412943748617614189648)
Orf(7449, 7644, -1.657067449643668336521448191)
Orf(7449, 7677, -3.384401019782506383926024099)
Orf(7449, 7692, -0.2671309509675908162694673604)
Orf(7449, 7695, -1.694339929311533474781253517)
Orf(7763, 7853, -1.296753161877576491963201363)
Orf(7742, 7853, -1.656825932718914376559833864)
Orf(7739, 7853, -0.08726247843952298403459003225)
Orf(7733, 7853, -0.2598102420533160119987985634)
Orf(7730, 7853, -0.2672719360491064362840671215)
Orf(7761, 7848, -0.1245317132006733928027023642)
Orf(7761, 7857, -1.061070262043183824813300016)
Orf(7825, 7963, -0.3424062352055021825221472508)
Orf(7777, 7963, -0.5129162889505538136912637883)
Orf(7723, 7963, -0.9760505070388122823504315477)
Orf(7678, 7963, -8.332704628046608541250137453)
Orf(7612, 7963, -2.136909415837211604807965236)
Orf(7901, 7994, -2.762489873247048998396160282)
Orf(7898, 7994, -3.182032694779033102391423687)
Orf(7714, 7915, -5.041334268212597971269382667)
Orf(8044, 8140, -0.2276414397613143482860894731)
Orf(8005, 8140, -0.2011922614300375058924707274)
Orf(7993, 8140, -0.08237545178212322961060428168)
Orf(7949, 8060, -1.597045829214614991897839729)
Orf(7949, 8168, -0.3975981745920652318609626265)
Orf(7949, 8174, -0.1275392754332701433041392572)
Orf(7949, 8195, -0.1510461699892441927743399122)
Orf(7949, 8225, -0.1829129905887805358782748591)
Orf(8442, 8553, -0.6761377006991184615968319627)
Orf(8436, 8553, -6.028851394341074680943223222)
Orf(8424, 8553, -0.8758943943629495334249512395)
Orf(8421, 8553, -0.9300925064607361860340672444)
Orf(8391, 8553, -1.564182475062980203551250996)
Orf(8382, 8553, -21.92384652677833891803468280)
Orf(8319, 8553, -4.669059135743949237560103528)
Orf(8316, 8553, -8.466466203319483861805846450)
Orf(8310, 8553, -7.333908128813131065304193921)
Orf(8214, 8553, -13.41623900435443488963337920)
Orf(8055, 8553, -868.9485471927616599071765817)
Orf(8037, 8553, -105.8810246914935894112510080)
Orf(7977, 8553, -2960.924354801776348229309274)
Orf(8461, 8605, -0.1629983863542966642620720265)
Orf(8286, 8376, -2.565791785771502028086721850)
Orf(8286, 8466, -0.3769329771015126504620279166)
Orf(8286, 8526, -15.51094641345365805888975673)
Orf(8286, 8529, -0.8268560021498536714341670909)
Orf(8286, 8589, -4.215856429874094386171618360)
Orf(8528, 8738, -10.35524177821942358202069030)
Orf(8667, 8814, -0.1037954482069863476102169996)
Orf(8646, 8814, -2.143970300897515136508508061)
Orf(8643, 8814, -0.1101819944918353747333682569)
Orf(8625, 8814, -2.320887555883613579401508649)
Orf(8622, 8814, -0.1188642896371480505733291235)
Orf(8601, 8814, -4.336649364631216617970533813)
Orf(8586, 8814, -3.159832027166801758676622294)
Orf(8571, 8814, -0.4471337767927825988446765153)
Orf(8679, 8832, -0.1490398620800490662226259794)
Orf(8858, 8945, -0.2802452544378208246346447621)
Orf(8855, 8945, -2.534086151869410569928710207)
Orf(8843, 8945, -0.1563755350365995039007417282)
Orf(8816, 8945, -5.335112934707031932153198968)
Orf(8813, 8945, -0.7626034516278248659883725247)
Orf(8792, 8945, -8.633312454564512624265939088)
Orf(8765, 8945, -1.151088717044695518438827267)
Orf(8552, 8945, -120.0832197569922407985936311)
Orf(8909, 8999, -0.1528631792497162001737903382)
Orf(8971, 9073, -0.09965804790833400208783467473)
Orf(8989, 9088, -0.2122441017819288066308501221)
Orf(9256, 9346, -1.121399506988376348789951652)
Orf(9145, 9346, -1.406880600766755997948570080)
Orf(9139, 9346, -1.469786949465535084460791625)
Orf(9136, 9346, -1.510991725198701007098471715)
Orf(9118, 9346, -2.156278592101371021440023017)
Orf(9382, 9562, -0.1469932482618138035289678746)
Orf(9275, 9365, -0.1704115535100407509168152668)
Orf(9275, 9371, -0.1796098443735104049256950548)
Orf(9275, 9383, -0.2273143622081313220654413616)
Orf(9275, 9386, -0.1126794926693470006115663000)
Orf(9275, 9422, -0.2904480354332569581060573431)
Orf(9275, 9443, -3.614010386198038295569839375)
Orf(9275, 9464, -0.4012136483363570515095418238)
Orf(9275, 9488, -0.5242131163822545482250776102)
Orf(9275, 9491, -0.5376832170619173812305469380)
Orf(9275, 9530, -0.2410154306322019850498557560)
Orf(9275, 9569, -0.8192239444242541825022486151)
Orf(9275, 9593, -8.207376619317798712676003326)
Orf(9275, 9596, -1.003848012680724710435480676)
Orf(9275, 9620, -0.5485825308077950648976329609)
Orf(9275, 9626, -0.4966305029476689699490978360)
Orf(9275, 9629, -11.78115022921633685706724950)
Orf(9275, 9683, -1.912698200566242220782361620)
Orf(9600, 9693, -0.3706441234277404861561434869)
Orf(9588, 9693, -3.417173627015473010829697607)
Orf(9573, 9693, -0.4906450720536660152741842754)
Orf(9546, 9693, -0.8830993133872784376167031920)
Orf(9501, 9693, -1.034475941821067371678490636)
Orf(9474, 9693, -1.032981403857326238231722867)
Orf(9471, 9693, -1.058918618148480476958192581)
Orf(9450, 9693, -1.018043878980873726447882330)
Orf(9444, 9693, -8.844952975083848520581831305)
Orf(9405, 9693, -13.57065820828311212490201216)
Orf(9390, 9693, -1.320779054234328485180752954)
Orf(9375, 9693, -1.579694797223834118551116343)
Orf(9360, 9693, -1.915646975158255705607215117)
Orf(9345, 9693, -2.018160826315007482265666384)
Orf(9309, 9693, -3.373337636014990232462956241)
Orf(9213, 9693, -88.17659669264000175704632535)
Orf(8982, 9693, -166.4291259560454623992518803)
Orf(8976, 9693, -1404.208887036675805076743296)
Orf(8955, 9693, -2819.658582783976343727832715)
Orf(8937, 9693, -2119.035046407403153633877590)
Orf(8925, 9693, -2370.779848895673384770547399)
Orf(9610, 9718, -0.1174441504945086255852580452)
Orf(9692, 9785, -1.707883533331259725008507651)
Orf(9692, 9839, -0.08269399866749629302507207615)
Orf(9692, 9866, -1.955343361460517432238457871)
Orf(9692, 9938, -2.904935936193918006132833467)
Orf(9692, 9980, -0.4580824897264046773794669404)
Orf(9692, 9989, -0.5310192583684081434234457383)
Orf(9961, 10054, -0.08212258600193266955354491823)
Orf(9943, 10054, -1.863480720351389710544790800)
Orf(10038, 10131, -2.857542133144949721588472789)
Orf(10020, 10131, -0.4057803154489284818018304048)
Orf(10017, 10131, -0.4202601083893277859476351927)
Orf(9972, 10131, -1.879049086167683447725219140)
Orf(9939, 10131, -14.62818084184121574181368099)
Orf(9930, 10131, -15.55773876679003958530808513)
Orf(9894, 10131, -59.78462362212430248907366783)
Orf(9888, 10131, -2.982998740820928690409095931)
Orf(9855, 10131, -5.561653511176361141529902691)
Orf(9804, 10131, -96.58701813808590444331755203)
Orf(9747, 10131, -16.54586401069346343744381068)
Orf(9711, 10131, -500.5247105154614239231782758)
Orf(9976, 10183, -1.896788016483889419182717904)
Orf(9976, 10204, -0.2538683440340421150590409203)
Orf(10188, 10284, -0.05732539571422232105037547425)
Orf(10179, 10284, -0.1388280846437426886393687762)
Orf(10155, 10284, -0.1452721012863767409220869212)
Orf(9831, 10005, -7.195295834863479965355748721)
Orf(9831, 10200, -21.96596105365365591692986721)
Orf(10199, 10328, -7.335308383277972777437615228)
Orf(10394, 10547, -4.324267249546141555425948723)
Orf(10388, 10547, -0.6195323807379933404430532935)
Orf(10325, 10547, -10.83943066279206819131305191)
Orf(10295, 10547, -1.955097643177080697269399046)
Orf(10268, 10547, -22.13705084753157320347535214)
Orf(10196, 10547, -70.79565961649491472869613229)
Orf(10184, 10547, -78.30377099621581941368880008)
Orf(10160, 10547, -88.28795199563447329748118996)
Orf(10115, 10547, -17.55465812734132608140399621)
Orf(10249, 10480, -1.959536015420932379233277257)
Orf(10597, 10684, -0.1360269926641868825006176873)
Orf(10585, 10684, -3.293532377488325489781047039)
Orf(10618, 10705, -0.2330015908918548864738463666)
Orf(10618, 10762, -0.2398065835542844767813229004)
Orf(10625, 10745, -1.476971976720160834184762457)
Orf(10625, 10769, -0.1584218523627530422129697479)
Orf(10625, 10781, -0.1660098389684374618005278862)
Orf(10625, 10868, -1.962100335121023386164762435)
Orf(10625, 10895, -0.2603725835220169942826500573)
Orf(10625, 10916, -0.2775166261903959024262340375)
Orf(10452, 10626, -3.681275664248768368065835365)
Orf(10452, 10800, -0.9785433674923965106127220558)
Orf(10452, 10824, -1.062478686955420449003813935)
Orf(10939, 11026, -0.1948769127987887913976109114)
Orf(10888, 11026, -0.2086981412239029862408904383)
Orf(10882, 11026, -0.07210840620417342103553156368)
Orf(10808, 11084, -0.4623239094126006377080559089)
Orf(11134, 11230, -0.2023074225864118294977129281)
Orf(11141, 11234, -0.1704239636382937930261776621)
Orf(11308, 11401, -0.1074949650845345320910406028)
Orf(11305, 11401, -1.794716838539982204813716621)
Orf(11299, 11401, -0.1027087296239940951126316718)
Orf(11155, 11344, -1.164085924203525777528219540)
Orf(11155, 11368, -0.05906367235161959538992568399)
Orf(11155, 11452, -1.621357442698136126568112863)
Orf(11312, 11411, -1.390580050411850510515352899)
Orf(11312, 11417, -0.1880355747783477582461033831)
Orf(11312, 11456, -0.06948481488684756428626002136)
Orf(11312, 11462, -1.480956249493471092489317728)
Orf(11312, 11552, -2.011000304044094292181217100)
Orf(11312, 11567, -0.1050151278104353425956762032)
Orf(11100, 11277, -3.581175707847620480370449687)
Orf(11100, 11676, -8.387760078897220196916383793)
Orf(11635, 11725, -0.09022619867398041007497550101)
Orf(11620, 11725, -0.2347858277428097038206224427)
Orf(11614, 11725, -1.676548337007060979378616745)
Orf(11590, 11725, -1.926383717624914546257096474)
Orf(11581, 11725, -0.1486756273039712621848386566)
Orf(11572, 11725, -3.016134634486096012180296094)
Orf(11584, 11719, -0.1557077429409223246773696127)
Orf(11584, 11815, -0.2089017100476035676297991885)
Orf(11584, 12013, -0.1063828196329765159373508756)
Orf(12047, 12134, -0.2249679135792382263314893670)
Orf(12025, 12172, -0.1460990950785058943493507898)
Orf(12062, 12155, -0.05795566062383071708969460989)
Orf(12062, 12182, -0.06148079914900902046368687191)
Orf(12016, 12205, -3.319591556485944606361242907)
Orf(12004, 12205, -4.481952509564230505448272067)
Orf(11718, 11955, -10.09196564344629811201398466)
Orf(11718, 12003, -10.77832334794208376968311691)
Orf(11718, 12090, -0.8812155617511820020451198644)
Orf(11718, 12132, -28.76715160461885146303448096)
Orf(11718, 12246, -4.455186213885866837988777471)
Orf(12373, 12529, -0.1349991181327516797129836485)
Orf(12194, 12317, -0.1547344240761998038154879262)
Orf(12194, 12374, -1.194453049085957288306668934)
Orf(12194, 12473, -0.2073922390340966442109878675)
Orf(12194, 12506, -0.3300169716659396871938217110)
Orf(12194, 12581, -0.4947518258599707474173354234)
Orf(12194, 12599, -4.295291796585762128476925013)
Orf(12194, 12662, -5.855873537959877114749350796)
Orf(12194, 12710, -6.172911427703642072387091495)
Orf(12619, 12742, -0.09824081280558273017585967297)
Orf(12775, 12862, -2.105239867617037760005521363)
Orf(12739, 12862, -0.1102305787788638440070701232)
Orf(12679, 12862, -0.6894082501246389506787067205)
Orf(12676, 12862, -0.3053822744052246624665619764)
Orf(12664, 12862, -0.2684485979599156103854695160)
Orf(12640, 12862, -0.6142279375060358594991073706)
Orf(12874, 12964, -1.080519334249728090881913832)
Orf(12887, 12980, -0.1904527046745238597200325583)
Orf(12887, 13025, -1.610523267168535499248387594)
Orf(12887, 13034, -0.07963603755899674162994659134)
Orf(12963, 13101, -0.4172795230565736513157283584)
Orf(12960, 13101, -0.4525166398235670850684461883)
Orf(12909, 13101, -7.123692394197548972915708209)
Orf(12864, 13101, -9.894837996405132208008625370)
Orf(12843, 13101, -1.814810099295960005559482782)
Orf(12633, 13101, -9.326464287655864307926846651)
Orf(12630, 13101, -136.7062832368372742145169922)
Orf(12603, 13101, -91.91281609711445616464462584)
Orf(12600, 13101, -99.30738674954237287541301121)
Orf(12591, 13101, -12.73524227601570466809108462)
Orf(12546, 13101, -384.3136722637165822200708788)
Orf(12537, 13101, -155.0668438973140844904929977)
Orf(12483, 13101, -361.7193747521759747951431533)
Orf(12429, 13101, -563.7185771500270083899259103)
Orf(12375, 13101, -942.0725576169832871827074913)
Orf(12045, 13101, -2131.512008629785650852312499)
Orf(11922, 13101, -18883.97906144935800216410281)
Orf(11916, 13101, -21300.46283549301627293303789)
Orf(11859, 13101, -476750.9616212202408912237760)
Orf(11511, 13101, -62042261.93132401377009300971)
Orf(11475, 13101, -16799983.52394260662578588216)
Orf(11463, 13101, -137377186.0667523270303784842)
Orf(11412, 13101, -224586988.0513518161268039130)
Orf(11346, 13101, -24305263.24963942567416653785)
Orf(11316, 13101, -31928482.69258384046807010113)
Orf(11283, 13101, -130966995.4007197322631031475)
Orf(11262, 13101, -1456713521.260460904311596337)
Orf(11199, 13101, -287076420.2324199885760979499)
Orf(11193, 13101, -316828987.8521516980293480220)
Orf(11166, 13101, -398715269.9149016449448224620)
Orf(11040, 13101, -12823782807.88406762988076085)
Orf(10929, 13101, -6134747247.741097999859945310)
Orf(10908, 13101, -5118703369.393281313997608509)
Orf(10905, 13101, -45587105141.27363943623528729)
Orf(10869, 13101, -78466068756.37493123177285137)
Orf(10860, 13101, -81306048104.04494721554483300)
Orf(10839, 13101, -15487658575.61861876604571055)
Orf(10776, 13101, -17590126815.47029752243667127)
Orf(10752, 13101, -186322254579.1567037782144331)
Orf(10746, 13101, -207159555444.6691193829046472)
Orf(10608, 13101, -1041662739772.035908592608212)
Orf(10575, 13101, -90606458610.60003802061090547)
Orf(10542, 13101, -10275983918338.02174128091618)
Orf(13075, 13177, -0.3077286250634941300769681439)
Orf(13072, 13177, -2.779479413274969962399774034)
Orf(13069, 13177, -0.3466029741028496608356316031)
Orf(13048, 13177, -6.131190820400163600323116524)
Orf(13045, 13177, -0.7694310176673033765323915748)
Orf(13039, 13177, -0.5645848431990037594204880559)
Orf(13021, 13177, -12.93923741345486939049828312)
Orf(12967, 13060, -0.1535731482239457471733439762)
Orf(13254, 13344, -0.1359311618817830470622750266)
Orf(12696, 12795, -0.1686187722210894102829485477)
Orf(12696, 12957, -5.178669526453309037864828597)
Orf(12696, 13359, -1.374411184954092487782092984)
Orf(13235, 13427, -0.8347113429125568284371539354)
Orf(13166, 13427, -1.828973325458383205764914301)
Orf(13139, 13427, -2.529702146180807392399719689)
Orf(13133, 13427, -27.32472876993726502741159961)
Orf(13121, 13427, -2.999684825447899209583459139)
Orf(13100, 13427, -38.80281543791206227580720795)
Orf(13055, 13292, -1.059915551616089241652213686)
Orf(13055, 13451, -1.936952323414572173347238719)
Orf(13523, 13631, -0.2767823908673599571268017261)
Orf(13797, 13887, -0.1716263888901301721917561960)
Orf(13797, 13929, -2.481738225137452988556473576)
Orf(13797, 13938, -0.1522081340376217728840461768)
Orf(13797, 13941, -0.3805151097774365516697565120)
Orf(13797, 13947, -0.4012832192509962455418136977)
Orf(13845, 13965, -0.2309553530187286483351937034)
Orf(13928, 14015, -0.05563232863638771853324774989)
Orf(13964, 14054, -0.1722443979234034773831004922)
Orf(13904, 14054, -1.684628110111734778165406317)
Orf(13877, 14054, -0.08753786664852818164750311703)
Orf(13868, 14054, -0.2104889768269579839005758041)
Orf(13930, 14125, -6.765881161628068989621369180)
Orf(13864, 14125, -1.262905640059926308351461580)
Orf(13819, 14125, -4.278654504336955694593294938)
Orf(13774, 14125, -4.208529587985631372938846636)
Orf(13735, 14125, -7.976991828430219658110792395)
Orf(13711, 14125, -91.56231407529217831738850202)
Orf(13699, 14125, -79.07036708040872938857227864)
Orf(13687, 14125, -89.94293389886104322856101361)
Orf(13492, 14125, -188.2030573732591489113294306)
Orf(13489, 14125, -203.1173140706980053755406505)
Orf(13429, 14125, -5236.418790886792854516462072)
Orf(13977, 14073, -0.1259558186185145226329481327)
Orf(13977, 14085, -0.2118461712715098017779101533)
Orf(13977, 14106, -4.452667838699426181979300055)
Orf(13977, 14112, -0.2801139792435003258431223969)
Orf(14090, 14255, -0.1176995426100574429306147738)
Orf(13327, 14137, -212.2374206479905424070957382)
Orf(14241, 14361, -0.1989760165291777213409315774)
Orf(14202, 14361, -0.3372993465401329925105974400)
Orf(14133, 14361, -3.813171314188737339831799547)
Orf(14394, 14484, -0.1591777474114141885748882252)
Orf(14364, 14484, -0.1473624082721658528895696230)
Orf(14108, 14210, -0.1608820914141549135544608516)
Orf(14108, 14333, -0.5569117720257996331037488302)
Orf(14108, 14339, -0.6635956142084278162393045252)
Orf(14108, 14432, -8.505248292685148645808869252)
Orf(14108, 14453, -11.29680343010088321697100885)
Orf(14108, 14477, -1.589443772757219800426814315)
Orf(14108, 14519, -23.20627669084344836111318732)
Orf(14108, 14549, -31.60773570123413636069966124)
Orf(14652, 14745, -1.447270854115080664569918296)
Orf(14559, 14745, -2.740578958638744815444640070)
Orf(14553, 14745, -0.3898152990730022303196986796)
Orf(14532, 14745, -0.3705814954666807641891516272)
Orf(14511, 14745, -3.460595372846888248815417101)
Orf(14457, 14640, -0.1708719616994722742260228753)
Orf(14457, 14676, -1.515483136501089835189075891)
Orf(14457, 14697, -0.08212557155105020888835102234)
Orf(14457, 14787, -0.3066319358728219573298245760)
Orf(14457, 14811, -2.336850971826042665158581559)
Orf(14457, 14820, -1.985898909454203067282257845)
Orf(14681, 14873, -0.5856402236097663284353136962)
Orf(14654, 14873, -0.8699891095707443522436005198)
Orf(14630, 14873, -0.5701727156463322563025229808)
Orf(14624, 14873, -1.093899678312539549780897363)
Orf(14537, 14873, -46.56037246948333067756539899)
Orf(14483, 14873, -10.10824655538452354013026820)
Orf(14447, 14873, -10.03380261464684211639370160)
Orf(14399, 14873, -8.848222615172844026526453744)
Orf(14387, 14873, -31.67965455462999679858813752)
Orf(14321, 14873, -36.04581192155625262892106007)
Orf(14306, 14873, -406.1442601872022074988447358)
Orf(14276, 14873, -589.0333780524327368722801158)
Orf(14678, 14789, -0.3248323821334369112871997418)
Orf(14678, 14804, -0.4184408692208684880705498647)
Orf(14678, 14900, -0.8120632645348204407850286862)
Orf(14678, 14909, -0.5476553341693701644648533528)
Orf(14978, 15116, -3.438755813397757437727487738)
Orf(15086, 15176, -0.1128800535318374105372420291)
Orf(15071, 15176, -0.2764777206823261775762612129)
Orf(15041, 15176, -0.1323099798644077296838860679)
Orf(15147, 15276, -1.714492570922359318040384537)
Orf(15036, 15135, -0.1294767800365671181384213263)
Orf(15036, 15159, -1.144052663337634556711519010)
Orf(15036, 15183, -1.483402884177926652476150692)
Orf(15036, 15291, -0.4938735392013887262062338190)
Orf(15122, 15239, -0.3223201970148779892300791967)
Orf(15122, 15269, -0.1182121574202368537901708681)
Orf(15122, 15305, -0.3511295616965957914645514235)
Orf(15122, 15371, -0.5063895603074957866872400650)
Orf(15332, 15431, -1.520528077795143634251004287)
Orf(15320, 15431, -0.1013066884558040174289874287)
Orf(15221, 15431, -0.2709034497697606717779069109)
Orf(15218, 15431, -0.2768755079541936610094648001)
Orf(15200, 15431, -0.3374924244147997667891374512)
Orf(15316, 15442, -5.584079406573058397315001496)
Orf(15232, 15442, -35.84429438692167437840492210)
Orf(15223, 15442, -2.323720526751203032402934516)
Orf(15211, 15442, -2.512990390891262641418351146)
Orf(15208, 15442, -22.27895928251462011241653171)
Orf(15175, 15442, -24.22296633504491871047213027)
Orf(14872, 15442, -22.36705723251924526494557861)
Orf(14812, 15442, -355.6579650074544305372931501)
Orf(14773, 15442, -537.1053586238518549054442583)
Orf(15370, 15529, -3.466726935858670057226114122)
Orf(15692, 15785, -0.1300828352790379791869285896)
Orf(15489, 15591, -1.408554184706175740462367339)
Orf(15489, 15666, -0.2306010581136432232745905664)
Orf(15489, 15681, -0.09678518492507351331065765432)
Orf(15489, 15684, -2.117074210221281475020644110)
Orf(15489, 15696, -0.3504593086968817687352639347)
Orf(15489, 15795, -0.4289832293995755312144413441)
Orf(15489, 15804, -0.4483836466468705470929678869)
Orf(15489, 15810, -0.4575884533823886185575872879)
Orf(15489, 15813, -3.958995809639383233544601135)
Orf(15489, 15828, -4.564959048295501053105734397)
Orf(15489, 15876, -0.7476445854645851744537096265)
Orf(15854, 15947, -0.1653165313349602718218802500)
Orf(15791, 15947, -1.884306753742401718680030342)
Orf(15921, 16068, -0.2817100986595823145135743924)
Orf(15921, 16071, -0.2866976836113775908882047152)
Orf(15921, 16089, -0.1326868442352772656770459286)
Orf(15921, 16110, -0.4132309091244416062812632715)
Orf(15921, 16119, -3.938457139016018157739572862)
Orf(16105, 16213, -3.041745193420785622175061296)
Orf(16105, 16267, -0.2388296110320606387393355301)
Orf(16105, 16348, -8.920219821113701400865107160)
Orf(16388, 16490, -1.121825082643851825338459758)
Orf(16379, 16490, -0.1709644581674961631217251150)
Orf(16376, 16490, -0.07203743023884796759714914716)
Orf(16509, 16602, -0.2458388905128586238927042602)
Orf(16356, 16458, -0.1862694457065449230160580427)
Orf(16356, 16470, -1.584397119111749326007634721)
Orf(16356, 16473, -0.1925784862850723953854830140)
Orf(16356, 16494, -0.2072908402270259603731778095)
Orf(16662, 16770, -1.545378288488823028436984350)
Orf(16754, 16856, -0.08311303003500263563412445049)
Orf(16751, 16856, -0.08112796772903854085879019313)
Orf(16715, 16856, -0.1190959600223717809444640446)
Orf(16959, 17088, -0.07616266370801990636929742000)
Orf(17255, 17342, -1.206007887008441412163303766)
Orf(17234, 17342, -0.1898896911606166057216476718)
Orf(17109, 17250, -0.3593552280060638590418834039)
Orf(17109, 17259, -1.656201573810396730250200484)
Orf(17109, 17262, -0.2026454005667091655602250294)
Orf(17109, 17295, -1.925802679244481875536564456)
Orf(17109, 17337, -0.2516771806437402577908389848)
Orf(17109, 17352, -0.2597343698819140211043601019)
Orf(17109, 17388, -0.2670046172863903066873075252)
Orf(17409, 17511, -0.1544770219239933605597187212)
Orf(17409, 17532, -0.1607232304491111432070464468)
Orf(17409, 17544, -0.1771220235012611511944025243)
Orf(17543, 17642, -0.1201973106923000590923691570)
Orf(17543, 17651, -0.1206228481511014549342082448)
Orf(17735, 17822, -0.06024596630835691680361454191)
Orf(17717, 17822, -1.257375519088004012963269505)
Orf(17708, 17822, -0.06400393947788266635734907724)
Orf(17943, 18087, -1.914406664020709673144814697)
Orf(17943, 18099, -0.1011080873729442112585791669)
Orf(17943, 18114, -0.1109324705704317672985399761)
Orf(17943, 18123, -0.1123249201721877492077746993)
Orf(18083, 18179, -1.386677898359380281858439568)
Orf(18071, 18179, -0.2403802049429447290765631055)
Orf(18065, 18179, -1.913548612680898901603256493)
Orf(16435, 16690, -5.960988459951604284430976294)
Orf(16435, 16837, -3.063926833395522368648047835)
Orf(16435, 16921, -56.67575324583619267842097385)
Orf(16435, 17275, -1746.430648086292760159157523)
Orf(16435, 17314, -264.7689767471811268285714915)
Orf(16435, 17371, -411.9244092023779538840238482)
Orf(16435, 17548, -679.9793730115954684382820167)
Orf(16435, 17704, -40907.54486411795889651633537)
Orf(16435, 17851, -267444.6194087567610352905315)
Orf(16435, 17980, -2827592.724160195169354170112)
Orf(16435, 18127, -6723963.628779527167502100927)
Orf(18129, 18264, -0.08865293565716939878257956541)
Orf(18129, 18276, -2.920448624958788296935506917)
Orf(18129, 18312, -0.2868504301946735570109829414)
Orf(18129, 18315, -2.997338452630021180292812338)
Orf(18129, 18330, -0.1641331399807785611467572215)
Orf(18129, 18492, -13.69964446072415248767240940)
Orf(18129, 18570, -2.374237017522206452549031842)
Orf(18781, 18901, -0.5887519196086835250948536082)
Orf(18760, 18901, -6.673637966220204616699578558)
Orf(18739, 18901, -1.615768384370452784667220769)
Orf(18703, 18901, -1.898151620881794473650973161)
Orf(18691, 18901, -19.39317741272004801528645602)
Orf(18670, 18901, -46.94206499797867504505551714)
Orf(18610, 18901, -8.037895299025331279457179044)
Orf(18607, 18901, -8.065361299793035086493287688)
Orf(18574, 18901, -12.19487426411571135118169054)
Orf(18541, 18901, -14.88516745806983117792370702)
Orf(18430, 18901, -66.19737890209598403945208814)
Orf(18400, 18901, -84.52164526433821300511527300)
Orf(18286, 18901, -145.5177428574994821095418439)
Orf(18277, 18901, -1636.838966194576030574157395)
Orf(18253, 18901, -242.7700073845424359538231856)
Orf(18247, 18901, -2715.564102280233096813583896)
Orf(18154, 18901, -10181.52846472063041095411592)
Orf(18088, 18901, -40978.82509122534218400490679)
Orf(17905, 18901, -88278.09536572531854854440901)
Orf(17878, 18901, -132054.2581458438182874516807)
Orf(17452, 18901, -35772939.82080892848527458219)
Orf(17443, 18901, -29883270.83220418048560161073)
Orf(17440, 18901, -31169637.87607860117878488419)
Orf(17413, 18901, -46255214.83689663910529528748)
Orf(17365, 18901, -66216063.72643122003156740215)
Orf(17341, 18901, -99949184.33563195899199592987)
Orf(17299, 18901, -213197586.3235064794884161198)
Orf(17278, 18901, -180501639.9342283417162511378)
Orf(17269, 18901, -206567563.0243067285011287905)
Orf(17224, 18901, -335929805.1391764984635258823)
Orf(17140, 18901, -1041085057.409851425400137071)
Orf(17128, 18901, -1173712296.504429569840178495)
Orf(17101, 18901, -1417776111.364654840055477211)
Orf(16996, 18901, -4356277880.208123991841364587)
Orf(16987, 18901, -6086370962.317021576406453896)
Orf(16888, 18901, -17279397595.50942696139704939)
Orf(16801, 18901, -330923990361.3186830356646529)
Orf(16705, 18901, -175572348693.7584539152765276)
Orf(16636, 18901, -2807839532314.820479271816989)
Orf(16633, 18901, -353773790481.2883769739024067)
Orf(16630, 18901, -371416243180.2318052290571975)
Orf(16582, 18901, -698645127675.4439074028263584)
Orf(16549, 18901, -6901044720110.975048159084974)
Orf(16540, 18901, -7843452655682.051187714038961)
Orf(16516, 18901, -1315420527897.094476805604305)
Orf(16438, 18901, -1693139722264.975594910362529)
Orf(16390, 18901, -8744232422041.324159915993342)
Orf(16363, 18901, -44389303686355.31713409755999)
Orf(16339, 18901, -50102320545733.49298394456016)
Orf(16318, 18901, -62480543576855.13866565607807)
Orf(16237, 18901, -16581708773344.92418077346288)
Orf(16198, 18901, -29620522695065.78539415684840)
Orf(16168, 18901, -39591578371197.56201164928450)
Orf(16162, 18901, -42626443362346.80563150761233)
Orf(16126, 18901, -62766263245360.75677703227307)
Orf(16054, 18901, -1365558079716360.232471707848)
Orf(16045, 18901, -1139461010537565.654557378476)
Orf(16009, 18901, -3511036414041668.308573717080)
Orf(16006, 18901, -173530397552380.6517453275321)
Orf(16003, 18901, -182121214482454.9377207766449)
Orf(15946, 18901, -596343888133922.0144142774476)
Orf(15868, 18901, -1482132948328136.825186720323)
Orf(15784, 18901, -2521757928854846.818895736020)
Orf(15769, 18901, -3030983742776708.739739423137)
Orf(15703, 18901, -6126687851049798.528833746962)
Orf(15700, 18901, -6431924576827391.959789869156)
Orf(15658, 18901, -12005533209169354.40176649218)
Orf(15637, 18901, -16869357461435416.92611864387)
Orf(15619, 18901, -28506922193395916.66424893685)
Orf(15580, 18901, -38038068067369425.91853579273)
Orf(15571, 18901, -19182432230641698.72131512518)
Orf(15505, 18901, -1530829299948573249.318548293)
Orf(18708, 18795, -0.2117165849353298226382382267)
Orf(18708, 18807, -0.1821315238299033000465573610)
Orf(18708, 18888, -2.496170083352570101635646384)
Orf(18906, 19011, -0.5455812874943601940981511930)
Orf(18909, 19002, -0.4106063445984825433646523735)
Orf(18553, 18814, -33.49362628799849281991373356)
Orf(18553, 19018, -10.26482740621136746295717551)
Orf(18976, 19138, -0.1737085773361488027334693057)
Orf(18941, 19043, -1.652381054980519587017227424)
Orf(18941, 19070, -0.1009475586395884201385877730)
Orf(18941, 19124, -3.166825970765701838376132192)
Orf(18941, 19247, -1.593076625771045632351915545)
Orf(19320, 19407, -0.3260400550388213025429394137)
Orf(19298, 19448, -1.792400471391771317374576477)
Orf(19457, 19583, -0.2551368854092088436531066622)
Orf(19442, 19583, -2.420581042632552225319651698)
Orf(19406, 19583, -2.657369477319221326998595673)
Orf(19370, 19583, -4.020327565909848633850212872)
Orf(19340, 19583, -0.5015632043091044222195216113)
Orf(19331, 19583, -5.064844402817883711897035159)
Orf(19283, 19583, -11.65603573938202435287647223)
Orf(19280, 19583, -1.299554425944896294351296849)
Orf(19274, 19583, -1.598582709361848767249605254)
Orf(19226, 19583, -24.42559257130484805308120228)
Orf(19223, 19583, -3.768041295680007810778737524)
Orf(19181, 19583, -108.0007218255302030349471430)
Orf(19178, 19583, -6.069839366766302245490954974)
Orf(19172, 19583, -7.418531924968669687289104368)
Orf(19142, 19583, -12.80846295810173090690128881)
Orf(19118, 19583, -21.77607253918170062904034212)
Orf(19097, 19583, -9.221932038547437853537643692)
Orf(19088, 19583, -9.796907652897047649112132981)
Orf(19073, 19583, -53.34395843798190281355748988)
Orf(19058, 19583, -31.89087607363412057827109154)
Orf(19010, 19583, -35.25841182431507429151026645)
Orf(18974, 19583, -36.97443931960860107059692401)
Orf(18965, 19583, -554.6509772564167834301009049)
Orf(19467, 19587, -0.5023946799596247363170494755)
Orf(19437, 19587, -0.8583952104723436317615604724)
Orf(19586, 19685, -0.1387867964961164324461439593)
Orf(19586, 19709, -0.1581933740380436900642057480)
Orf(19586, 19712, -1.358646069812612344717060446)
Orf(19637, 19733, -0.1042292652262963738090558219)
Orf(19607, 19733, -1.706679740048329527943791211)
Orf(19767, 19860, -0.3292997794147198276601322895)
Orf(19804, 19906, -1.523781114447192384787657244)
Orf(19780, 19906, -2.088194336113320754628226790)
Orf(19817, 19925, -1.461355857529757120541143150)
Orf(20563, 20689, -0.8142256169627117690686463049)
Orf(20488, 20689, -7.934979739706441534210143309)
Orf(20425, 20689, -1.380581751630663756423860094)
Orf(20416, 20689, -1.490759181458577414782282977)
Orf(20362, 20689, -26.28489542567029942041871314)
Orf(20278, 20689, -39.02060532420511790951478926)
Orf(20254, 20689, -6.311240019726844986677219513)
Orf(20248, 20689, -8.629005634241232779473588601)
Orf(20206, 20689, -8.819212245533769791365515081)
Orf(20089, 20689, -136.3595824615324535759720316)
Orf(19873, 20011, -0.1668917695556926592015172728)
Orf(19873, 20056, -2.310844041219988357560068653)
Orf(19873, 20092, -0.1487107637223095713959747355)
Orf(19873, 20104, -0.9196802556761669151865091780)
Orf(19873, 20137, -4.937059989864052355214366456)
Orf(19873, 20176, -5.345684442045667459784101489)
Orf(19873, 20182, -0.2856071883583769613139461086)
Orf(19873, 20227, -0.8299523502622124607096245694)
Orf(19873, 20290, -2.183332983048773967451928939)
Orf(19873, 20356, -3.720199360287346768191077528)
Orf(19873, 20374, -1.249654272170674517702535156)
Orf(19873, 20386, -1.339668936037191606920753711)
Orf(19873, 20392, -30.93412596118950033871277748)
Orf(19873, 20407, -35.98799498060891475925972151)
Orf(19873, 20410, -38.54492340723990809989168763)
Orf(19873, 20413, -2.003908206084821267465122918)
Orf(19873, 20440, -2.648628125905821790728300762)
Orf(19873, 20470, -4.063172863377251365729789758)
Orf(19873, 20497, -86.12015284834748447165259389)
Orf(19873, 20542, -4.714795083458324538143419487)
Orf(19873, 20569, -6.505650824066703176311691935)
Orf(19873, 20575, -106.6072794839815356081150600)
Orf(19873, 20617, -140.8523470123304186859772633)
Orf(19873, 20650, -7.813783620012356419471515512)
Orf(19873, 20659, -8.820280111591570131607786517)
Orf(19873, 20671, -10.39494698391819848110857466)
Orf(19873, 20722, -18.32708047236551183450743188)
Orf(20739, 20853, -0.4351099732001737247976459260)
Orf(20367, 20853, -0.8109960025271299098225963931)
Orf(20082, 20853, -0.8233302885672983060679900911)
Orf(20007, 20853, -1.068041535403615084049239406)
Orf(20004, 20853, -1.245881495323615408077619994)
Orf(19986, 20853, -1.935831936790182229525326907)
Orf(19977, 20853, -1.445983452449762828441866563)
Orf(19974, 20853, -12.62689650995532854004067127)
Orf(19953, 20853, -1.962426929012273002521497606)
Orf(19926, 20853, -21.16486397128695716241946801)
Orf(19878, 20853, -6.106200834522816698583958334)
Orf(19806, 20853, -11.21026394494155633373492773)
Orf(19800, 20853, -104.8623975895242084936512051)
Orf(19761, 20853, -29.79701784672105872772512416)
Orf(19752, 20853, -55.87757844295878776229356368)
Orf(19749, 20853, -23.47795378192225337889456296)
Orf(19746, 20853, -24.60284267248034801653183881)
Orf(19650, 20853, -705.8038994712622088027787585)
Orf(19644, 20853, -104.9509530349828639959236394)
Orf(20694, 20835, -0.3352446896511347301773264250)
Orf(20694, 20850, -0.3007861553549031095523528379)
Orf(20694, 20865, -0.1573342850690405505153524964)
Orf(20694, 20871, -0.4440984029598268151508636418)
Orf(20694, 20874, -0.1879436841381603050601450374)
Orf(20147, 20243, -0.1301302969706638130555142622)
Orf(20147, 20306, -0.2109476677808510867416207506)
Orf(20147, 20318, -0.1899082428347456520458268641)
Orf(20147, 20327, -0.2106626072238199509937610331)
Orf(20147, 20348, -0.1899635627600951685055383342)
Orf(20147, 20579, -0.4110252790126742761404449473)
Orf(20147, 20627, -0.1836092936557435915727918577)
Orf(20147, 20720, -0.5475997718865475584959955231)
Orf(20147, 20759, -0.2436945473770674962081435891)
Orf(20147, 20765, -0.5937379865280419718100334903)
Orf(20815, 20962, -2.577376409436796536029177223)
Orf(20957, 21053, -0.1315310922537482385675374528)
Orf(20800, 20896, -0.05793802369605177256665009679)
Orf(20800, 20914, -0.1473574341474753293788961988)
Orf(20800, 21025, -0.2098654472262641716772866790)
Orf(20800, 21028, -1.782029449447375867423473882)
Orf(20800, 21094, -0.2505551390282991281344251305)
Orf(21204, 21294, -0.08086388066327270326540937833)
Orf(21198, 21294, -1.705632253832038801784734569)
Orf(21192, 21294, -0.09083488178128303287012426805)
Orf(21162, 21294, -0.1346158542914823443107058366)
Orf(21033, 21180, -0.1646863513415419865857278254)
Orf(21033, 21264, -7.364111253854060993335777005)
Orf(21033, 21330, -0.3850112140711000722587156029)
Orf(21033, 21351, -12.06188363840033692980715249)
Orf(21033, 21384, -1.225598458531331393367622031)
Orf(21465, 21588, -0.2162639238410154226912994561)
Orf(21459, 21588, -0.2187097652825632654814619036)
Orf(21435, 21588, -2.750699968600401003354180134)
Orf(21411, 21588, -0.3376866108550594987760654603)
Orf(21357, 21588, -0.7014498761472635067587825421)
Orf(21336, 21588, -0.3357624580328930544345084625)
Orf(21312, 21588, -0.5136212390008969530191556146)
Orf(21320, 21449, -0.2667177624613982300499756483)
Orf(21320, 21455, -0.3023112925296979823246879294)
Orf(21320, 21575, -2.739683768578473476245918661)
Orf(21320, 21581, -0.3331472827847154503215727835)
Orf(21441, 21597, -0.1375461352253237769904291965)
Orf(21441, 21627, -0.1482137579415601654216264888)
Orf(21441, 21675, -0.2725069148895496050518910944)
Orf(21666, 21789, -6.257318958799265463123198805)
Orf(21702, 21801, -0.3150396731603228403333858791)
Orf(21770, 21857, -1.506039010803542362574879729)
Orf(21770, 21863, -1.562571594278762148632868248)
Orf(21858, 21960, -2.032746417586485322681886537)
Orf(21852, 21960, -0.2618912322565754630131798056)
Orf(21843, 21960, -0.1302876115737561455005886823)
Orf(21825, 21960, -0.3748335662976343099058875854)
Orf(21822, 21960, -0.1660738699361092195952295298)
Orf(21816, 21960, -0.1906560856396673740387929294)
Orf(21804, 21960, -5.258619477343562994909310002)
Orf(21798, 21960, -0.7659018440000156730457422498)
Orf(21792, 21960, -0.6259417033661805506180769676)
Orf(21788, 21971, -0.7302873494969656107020436937)
Orf(21773, 21971, -0.3001379909607435680227589299)
Orf(21641, 21971, -10.47399725275421928011955177)
Orf(21482, 21971, -0.7544467628119814072208207790)
Orf(21419, 21971, -0.8732275126559045279975826962)
Orf(21371, 21971, -21.89650035168899026654633463)
Orf(21359, 21971, -2.779815246098845466357374767)
Orf(21296, 21971, -52.54455247779680010747487359)
Orf(21029, 21971, -1153.576811028260504435759051)
Orf(21881, 21977, -4.468186694018501399378216209)
Orf(21952, 22075, -3.685466483865097048042507991)
Orf(21952, 22168, -6.945444268134448495122260779)
Orf(21952, 22183, -9.231780635301562941847341070)
Orf(22202, 22316, -1.574591806640359308607593909)
Orf(22175, 22316, -0.09889507793055152524685609829)
Orf(22154, 22316, -2.270770943358705519334663452)
Orf(22151, 22316, -0.2784028511136056213216026152)
Orf(22133, 22316, -0.1553389936420043917051842089)
Orf(22106, 22316, -0.2164502936945033724700823090)
Orf(22055, 22316, -1.084264408974925840332208079)
Orf(22049, 22316, -1.245217384827060033923684589)
Orf(22046, 22316, -0.6167690840789506173379574605)
Orf(22037, 22316, -18.33937250843014022088945257)
Orf(22296, 22395, -0.1942839280314847426800769748)
Orf(22403, 22493, -0.1228693020348762701395215477)
Orf(22394, 22493, -0.3273107240637446021050071935)
Orf(22270, 22399, -2.373753141779714610716386755)
Orf(22262, 22367, -0.06598193743376017442895618331)
Orf(22262, 22439, -0.09677046879818575218697922053)
Orf(22262, 22508, -2.249245163054078995966243752)
Orf(22262, 22511, -0.1139558921537725910236030223)
Orf(22262, 22517, -0.2490457632073461522433003649)
Orf(22459, 22555, -0.2598738095789956492773055515)
Orf(22381, 22555, -13.27406542361952588535971299)
Orf(22315, 22555, -6.909958262640931682619713872)
Orf(22207, 22555, -30.76725259338031637888567884)
Orf(22135, 22555, -86.14747748280194815398120504)
Orf(21985, 22555, -1745.357365721486974136135549)
Orf(21973, 22555, -3137.861086666972404931918912)
Orf(22502, 22589, -0.1682344803056439490667265348)
Orf(22499, 22589, -0.4114437822843593946825389333)
Orf(22738, 22840, -1.156974567650971278831009815)
Orf(22699, 22840, -0.1519839886959439879914825937)
Orf(22690, 22840, -0.06540491499646350992001450078)
Orf(22681, 22840, -1.757358204716495687757083118)
Orf(22883, 22970, -4.654912580345551868547466847)
Orf(23057, 23168, -0.3522379244776348250129506747)
Orf(23167, 23272, -0.1926198823147224872906367564)
Orf(23330, 23417, -3.156396355911912120269962757)
Orf(23327, 23417, -3.455091020204704126371188706)
Orf(23252, 23417, -8.421402071950223551995936370)
Orf(23668, 23773, -0.07063529840027351365345330066)
Orf(22686, 22893, -5.600104385948512367405220046)
Orf(22686, 23244, -841.2753584009327265379872223)
Orf(22686, 23256, -56.59239799160388087125051206)
Orf(22686, 23343, -243.5376449210440532862430320)
Orf(22686, 23355, -2267.439969723507017234799158)
Orf(22686, 23400, -5032.256675789598867646813915)
Orf(22686, 23559, -14580.77343455048715380006827)
Orf(22686, 23637, -83364.22601364528532468596799)
Orf(22686, 23691, -130502.0392538578071962462921)
Orf(22686, 23817, -134760.2798122117205434446641)
Orf(22686, 23823, -167029.7406390217351738942002)
Orf(22686, 23871, -492785.2289871945571299412232)
Orf(22686, 23916, -27268459.89699514263927502628)
Orf(22686, 23928, -20683150.51993778353492068663)
Orf(22686, 23943, -20648679.22740687086589412470)
Orf(23866, 23965, -0.1895678725167785855233293479)
Orf(23857, 23965, -4.215646443345348701052267519)
Orf(23947, 24043, -2.653518687905590153532956797)
Orf(24114, 24204, -0.09016399224938124370962300022)
Orf(24009, 24204, -1.405811705546500523508175770)
Orf(24217, 24304, -0.4079610245462133950920329667)
Orf(24187, 24304, -0.3730243311223472848252793912)
Orf(24095, 24284, -0.5234406538855024494175914564)
Orf(24108, 24267, -3.369663236583852307141467129)
Orf(24108, 24291, -0.4107367762931387964876753625)
Orf(24108, 24315, -0.8160839084315500687728759976)
Orf(24278, 24389, -0.1472556523633471352568534462)
Orf(24336, 24432, -0.3312464829434320951247779844)
Orf(24751, 24859, -3.656692561059228665520712771)
Orf(24751, 24874, -0.6030729439227725378172366236)
Orf(24751, 24925, -5.583133528112149223723426991)
Orf(24869, 24983, -0.3004740675842635535443986919)
Orf(24779, 24983, -2.614071955300612679564115253)
Orf(24767, 24983, -22.43404662899294813748220786)
Orf(24764, 24983, -24.62795860913425833536942395)
Orf(24856, 24988, -0.1633661327740058554967324843)
Orf(25057, 25153, -9.852659166225948216454265218)
Orf(25298, 25388, -0.3445380657163078193815955286)
Orf(25271, 25388, -0.2409493787247432811664858104)
Orf(25268, 25388, -0.2869612921469818707256725061)
Orf(24509, 24701, -8.628749589453731116710248108)
Orf(24509, 24710, -5.259248305458993660387814718)
Orf(24509, 24728, -7.378719905399256341826885627)
Orf(24509, 24956, -8465.749572141110156746433632)
Orf(24509, 24995, -11165.53758833615651046290557)
Orf(24509, 24998, -1362.825464843314665895401814)
Orf(24509, 25100, -28816.33624764211646759194770)
Orf(24509, 25283, -37032.51235310149638405659817)
Orf(24509, 25331, -2460193.996032885038193603777)
Orf(24509, 25334, -2037731.206650670360142760997)
Orf(24509, 25358, -3095869.994443433293893152143)
Orf(24509, 25397, -3760265.017209436771524580653)
Orf(25749, 25848, -8.491476578059266851919907953)
Orf(25728, 25848, -1.337178399935030565086328825)
Orf(25713, 25848, -0.8190945907036065325377917220)
Orf(25704, 25848, -1.058629989799230859940949422)
Orf(25671, 25848, -0.9542197456109471924245382813)
Orf(25641, 25848, -2.393330153605970179295886058)
Orf(25632, 25848, -3.154277514647753832546803568)
Orf(25870, 25969, -8.978030289767650339365951009)
Orf(26039, 26168, -0.06598471308350728663815575724)
Orf(25997, 26168, -1.926812306181753370088986936)
Orf(25988, 26168, -1.580337118676740114078829384)
Orf(26133, 26226, -0.3046679881366079777720865747)
Orf(26133, 26232, -0.8278550578810620695840729863)
Orf(26133, 26250, -0.5718156835613167151035926879)
Orf(26133, 26319, -59.50231088147272039484334299)
Orf(26133, 26343, -13.28104752977250135058703172)
Orf(26133, 26346, -4.461934844858836246363283195)
Orf(26411, 26546, -0.2967417575481991205504108362)
Orf(26405, 26546, -2.800609127037035992316003395)
Orf(26791, 26905, -0.1436180354390019228250174293)
Orf(26796, 26886, -11.00486245643929110633068879)
Orf(26796, 26895, -16.07262174682364882990484835)
Orf(25396, 25552, -2.525140362506323777748561656)
Orf(25396, 25567, -3.226314888966368520643091899)
Orf(25396, 25660, -116.5331687046407818644598592)
Orf(25396, 25771, -6.467872930167337861139280726)
Orf(25396, 25882, -561.7994152824171864396754757)
Orf(25396, 25918, -62.54892009250561068263509939)
Orf(25396, 25942, -280.3176562276443043747742630)
Orf(25396, 26005, -9882.234677297591349820544739)
Orf(25396, 26080, -25356.59429715420571333365845)
Orf(25396, 26350, -79918.70982152124796175942749)
Orf(25396, 26359, -4396.663203533350255389213032)
Orf(25396, 26419, -127508.9937742904888750137109)
Orf(25396, 26434, -13249.52007368705226100979906)
Orf(25396, 26506, -7733.710616720222306859014259)
Orf(25396, 26515, -8154.114626497521288928762872)
Orf(25396, 26527, -25268.18156276717421371619694)
Orf(25396, 26731, -4117685.774922738299687946922)
Orf(25396, 26866, -19295323.84686295276418745438)
Orf(25396, 26968, -2861723.062391525319055652944)
Orf(25396, 26971, -70924822.43606281846237029980)
Orf(27013, 27196, -0.3421935402689306136187168121)
Orf(27009, 27162, -2.959315084307465826977858193)
Orf(27157, 27349, -1.996442506658788186968289216)
Orf(27396, 27531, -0.8912219934168715692054608712)
Orf(27372, 27531, -12.54033302942210058987101120)
Orf(27444, 27537, -0.1080333733883728162580429760)
Orf(27444, 27558, -0.1575658051328538724028339436)
Orf(27335, 27428, -1.183289144075060051579330953)
Orf(27335, 27431, -0.1434714609989017682514882152)
Orf(27335, 27473, -0.1709619965510028480785680192)
Orf(27335, 27593, -0.2668414062693495562597260640)
Orf(27335, 27602, -2.407949263469423715319050955)
Orf(27484, 27610, -0.8732616787689051292605294819)
Orf(27469, 27610, -1.484034038116000126796160351)
Orf(27766, 27853, -0.2028391023147101709967874378)
Orf(27766, 27904, -0.1230745268425535969260384238)
Orf(27865, 27967, -1.613127231086759067810289074)
Orf(27862, 27967, -0.1949602671306427363490539045)
Orf(27899, 27995, -0.1821360097994625207168386304)
Orf(27896, 27995, -2.968012423770861800504687242)
Orf(27884, 27995, -3.768590822228929022954446001)
Orf(27916, 28066, -0.4333612881330378701086843243)
Orf(27927, 28098, -3.571972891621061006038764539)
Orf(28095, 28194, -0.05808015034333401273192523933)
Orf(28071, 28194, -1.270252741199623739606102619)
Orf(28032, 28194, -0.1874593361034987401406462187)
Orf(28142, 28235, -2.861618056569649742120597701)
Orf(28153, 28258, -0.2090311844656855294709550621)
Orf(28147, 28258, -5.176575318632560083010105764)
Orf(28120, 28258, -0.4085157437604419575938336260)
Orf(28108, 28258, -1.090178761693750081175686191)
Orf(28063, 28258, -18.92822742145376194093541447)
Orf(28348, 28453, -0.1535035918452842724130086247)
Orf(28497, 28584, -0.06853782029255075711805979870)
Orf(28488, 28584, -1.429198752023767876555750625)
Orf(28476, 28584, -0.06980759151719444579407689219)
Orf(28461, 28584, -0.07135055232404627996464943652)
Orf(28380, 28584, -0.2220615399008602566243285071)
Orf(28704, 28806, -0.1676642077830437082237236046)
Orf(28698, 28806, -0.1017709748282480849515312296)
Orf(28677, 28806, -0.1250757870454003359022582370)
Orf(28750, 28840, -0.08540103724863191814030285476)
Orf(27812, 27944, -0.7849445310235198214030952822)
Orf(27812, 27953, -0.6782664185675398899518428090)
Orf(27812, 28013, -16.17229011695038266239761492)
Orf(27812, 28118, -27.38480951475080331190130897)
Orf(27812, 28145, -1.391812805599754944523217602)
Orf(27812, 28226, -72.57997607798569736945484784)
Orf(27812, 28274, -105.5613187194669735620671459)
Orf(27812, 28502, -594.0075878045192788026792098)
Orf(27812, 28580, -2608.920481593132566985364626)
Orf(27812, 28880, -122831.9574251360538860347972)
Orf(28934, 29024, -0.2233134901869916815804977731)
Orf(28860, 29070, -0.3625704877176831859655588200)
Orf(28860, 29076, -10.24676744547480626114596636)
Orf(29066, 29216, -0.2344820145466501482398967853)
Orf(29048, 29216, -0.3269072736539349641566473017)
Orf(29033, 29216, -0.1824434481035973911756507118)
Orf(28982, 29216, -0.6627887376036579761248860943)
Orf(29118, 29283, -21.34989879315038745698496921)
Orf(29199, 29298, -0.3121712275234405682794105465)
Orf(29172, 29298, -3.531550220026847196713473914)
Orf(29130, 29298, -1.155323317606105097309433831)
Orf(29127, 29298, -0.4131186713367415149767541648)
Orf(28947, 29298, -4.324459071046542118121455158)
Orf(29146, 29260, -2.088556603841767182477287231)
Orf(29146, 29290, -1.905500926156144069427757356)
Orf(29146, 29296, -3.029786665301275427280691876)
Orf(29192, 29303, -0.3006224310588110706726412326)
Orf(29391, 29493, -0.07966332054420101544127064701)
Orf(29355, 29493, -0.1655960091915782110366678977)
Orf(29346, 29493, -0.3399702622023135325220751415)
Orf(29440, 29608, -0.5650620631659638813960388700)
Orf(29428, 29608, -1.993848584691150421681277685)
Orf(29386, 29608, -35.31967682200018313942369513)
Orf(29368, 29608, -3.040071902926494175846195738)
Orf(29269, 29608, -17.02079592575400566560433873)
Orf(29242, 29608, -7.177369811854674882685597422)
Orf(29218, 29608, -159.4793251925836256195571802)
Orf(29215, 29608, -5.832414802125833796109927709)
Orf(29523, 29646, -4.434879949081833124283308953)
Orf(29374, 29464, -0.8126046085014289040485351388)
Orf(29374, 29509, -20.66781892160919412390666622)
Orf(29374, 29584, -4.395187553290684299931019614)
Orf(29374, 29602, -5.267801545641008936310780414)
Orf(29374, 29605, -112.6620801589886708759815009)
Orf(29374, 29653, -415.6881880166025203960573440)
Orf(29790, 29964, -0.6520139942240700116134361610)
Orf(30022, 30139, -0.06298911717092734879603619746)
Orf(30013, 30139, -0.1952304432621247551239546945)
Orf(29950, 30139, -1.530761398169973779317387424)
Orf(29947, 30139, -1.556324939950907496252037808)
Orf(30045, 30165, -7.074478413075906332552429087)
Orf(30018, 30165, -1.194962507022294230532774830)
Orf(29981, 30077, -0.2604401923269869286599945278)
Orf(29981, 30104, -0.2033840083021003737177378554)
Orf(29981, 30119, -3.407687441552540456322348742)
Orf(29981, 30131, -0.5094822475543366956472132926)
Orf(29981, 30146, -0.4672629477710592907074309802)
Orf(29981, 30179, -0.3289734229455595701169627978)
Orf(29981, 30185, -0.3760668646026309342396958495)
Orf(29981, 30188, -1.172420588658936459152277223)
Orf(30244, 30376, -1.211301169640048478567714699)
Orf(30241, 30376, -0.06106695956404794985115059266)
Orf(30157, 30376, -0.07205977744199535637394327903)
Orf(30296, 30383, -0.1671476671614452798034677987)
Orf(30293, 30383, -1.435853057608936782094537206)
Orf(29847, 30285, -157.0339683060796727705932371)
Orf(29847, 30303, -93.70192095379474218489142481)
Orf(29847, 30345, -4857.867657496135102852614284)
Orf(29847, 30393, -1408.587093560600194918785071)
Orf(30342, 30462, -2.111479647882675726738242285)
Orf(30309, 30462, -3.406150693413196367908383267)
Orf(30249, 30462, -0.3626122097743846570515254945)
Orf(30382, 30484, -4.363149731962012423298310196)
Orf(30392, 30548, -2.789643611966987793006237386)
Orf(30392, 30611, -11.87742130875224545181252212)
Orf(30516, 30621, -0.1650794449564509548474724887)
Orf(30620, 30707, -7.572528736123662606463441600)
Orf(30620, 30713, -4.219994838456520330631676888)
Orf(30760, 30868, -4.563063885778042694547788540)
Orf(30712, 30892, -0.7706274408218809327835514343)
Orf(30824, 30929, -1.757555576175642649318743017)
Orf(30770, 30929, -0.3614239682085687579846386228)
Orf(30839, 30926, -1.531679501402914802693432595)
Orf(30839, 30992, -1.944176503099509812838619234)
Orf(30839, 31022, -2.440925549181751841845121931)
Orf(30928, 31084, -0.2220200132142988229634497749)
Orf(30922, 31084, -0.3674913269174452686321289186)
Orf(30998, 31124, -0.3420731723310861787902979273)
Orf(30989, 31124, -2.882479751345272149155161159)
Orf(30968, 31124, -3.473168995994348575740629534)
Orf(30941, 31124, -4.863991056644815622447228942)
Orf(31083, 31170, -2.253399487095478636299473272)
Orf(31005, 31116, -0.7292111261598688940111023288)
Orf(31005, 31152, -8.355249684902930210389067827)
Orf(31005, 31194, -12.91180001849648665933423154)
Orf(31191, 31302, -0.1470412357633204757925754106)
Orf(31169, 31349, -12.31713881847285760533655730)
Orf(31169, 31355, -7.285866570985962292163315442)
Orf(31332, 31431, -0.1080804508515515657380229966)
Orf(31332, 31452, -2.563732421949016010963332030)
Orf(31332, 31461, -0.1358595325985069374840664955)
Orf(31343, 31472, -1.822603526708140341915943417)
Orf(31337, 31472, -0.2564629434646663512020565087)
Orf(31184, 31472, -7.910580553082847650705621960)
Orf(31148, 31472, -2.083225752199186788735477517)
Orf(31474, 31573, -2.965415229422006447877922993)
Orf(31357, 31573, -0.7933677419321323552739382420)
Orf(31315, 31573, -1.587062589979789499498743359)
Orf(31502, 31634, -2.241971479682795503168741545)
Orf(31610, 31709, -3.411281143726907082246033294)
Orf(31580, 31709, -2.917855172177058586922036332)
Orf(31638, 31731, -1.095063877120675390096580986)
Orf(31745, 31859, -0.2135374923295566962981548044)
Orf(31712, 31859, -2.610448626254562569564275601)
Orf(31734, 31824, -0.2524894965976534149928892221)
Orf(31734, 31842, -0.06858782121608900375254655412)
Orf(31348, 31441, -7.970147514074690321479569780)
Orf(31348, 31465, -1.606344331217843032799765910)
Orf(31348, 31492, -20.37670653020298760818386429)
Orf(31348, 31537, -4.810282441486009936546397320)
Orf(31348, 31543, -52.18647804093966981975192727)
Orf(31348, 31555, -6.556115667939469492102119428)
Orf(31348, 31564, -55.67493111399038394380108832)
Orf(31348, 31609, -98.18232596792685511141041327)
Orf(31348, 31693, -134.1861592374914594114926004)
Orf(31348, 31735, -25.87686774497787850918012003)
Orf(31348, 31822, -133.9411214230513079991581367)
Orf(31348, 31864, -1197.853228112506407742340107)
Orf(31348, 31870, -1576.550243369198758777200044)
Orf(31348, 31909, -329.6289994328392972056944655)
Orf(31348, 31987, -1182.187128616161773415086541)
Orf(31348, 32026, -16522.79585603978763661902186)
Orf(32108, 32195, -1.249984911925638538870730214)
Orf(32093, 32195, -0.1622570749176618512164443840)
Orf(32027, 32195, -2.948790121857888958852918448)
Orf(32015, 32195, -1.533750426607169418555959436)
Orf(31952, 32195, -0.1618005068427173661372840662)
Orf(31934, 32195, -2.688695127434500034484807222)
Orf(31931, 32195, -0.3253561500061947380357877773)
Orf(32116, 32245, -1.708064051388486292158481812)
Orf(31954, 32245, -0.6186595661847963019045945317)
Orf(32183, 32276, -0.1094582727669334673634065670)
Orf(32183, 32291, -1.961166134935270564373853887)
Orf(32183, 32300, -2.408834045355755726031651547)
Orf(32183, 32312, -0.1246564938081819933377999490)
Orf(32183, 32333, -0.3212194510942864539925391707)
Orf(32261, 32393, -1.812015561811589273139868970)
Orf(32368, 32467, -0.07965905715816322128655378752)
Orf(32527, 32620, -1.723212752691139958872915398)
Orf(32509, 32620, -0.1273179149995705313859351842)
Orf(32342, 32438, -1.398068960274717255693978067)
Orf(32342, 32507, -4.667971846017245386209181595)
Orf(32342, 32519, -0.09731585480895631721797664302)
Orf(32342, 32531, -1.494144377813642060865910571)
Orf(32342, 32534, -0.1043769974937376770044208284)
Orf(32342, 32549, -2.221379910571931337271839575)
Orf(32342, 32570, -3.398457239567675832155961021)
Orf(32342, 32573, -0.1736968021413051307124002282)
Orf(32342, 32597, -2.429952734967092821171948496)
Orf(32342, 32660, -0.1567674551435408957337522308)
Orf(32466, 32670, -17.58549907368820362761906375)
Orf(32373, 32670, -39.48567323733728166558781751)
Orf(32025, 32148, -0.2450351707055822648866058584)
Orf(32025, 32205, -11.20845966455409169406782707)
Orf(32025, 32343, -82.83183410719295806621015949)
Orf(32025, 32361, -118.4988753051862503879588729)
Orf(32025, 32442, -280.2072832233350439760144321)
Orf(32025, 32526, -1171.701924250980224799594121)
Orf(32025, 32580, -325.1008808621438421351874590)
Orf(32025, 32583, -344.7455929225263443648487891)
Orf(32025, 32757, -38819.11167642328331204386041)
Orf(32025, 32808, -72944.38808440149955590375115)
Orf(32758, 32926, -1.697821337443039294455149938)
Orf(32728, 32926, -0.2083141897973825953679429608)
Orf(32725, 32926, -0.2216734713123966705659458390)
Orf(32677, 32926, -2.282541451381905806461979272)
Orf(32656, 32926, -0.1695421060923432541615935261)
Orf(32876, 32972, -0.4632414157503641769759919444)
Orf(32846, 32972, -0.8252684516543578638486473669)
Orf(32843, 32972, -0.8659736567357858886939623032)
Orf(32967, 33057, -1.077252297200956605192476994)
Orf(32770, 32860, -0.08674694740035907612345241052)
Orf(32770, 32902, -0.1215619433698769647316945623)
Orf(32770, 32905, -2.542191466971844836612739670)
Orf(32770, 32911, -2.690155502988468304933309473)
Orf(32770, 32914, -0.1402132974580942572725778190)
Orf(32770, 32920, -0.3477810730870413177037494507)
Orf(32770, 32980, -0.2218497270873510547364478898)
Orf(32770, 33040, -0.8508093528084395721574309900)
Orf(32770, 33082, -0.5193491121577584848504158623)
Orf(32987, 33116, -0.4381263793294696687602608249)
Orf(32816, 32957, -0.4592346524566471827700642724)
Orf(32816, 33008, -18.76514183562117782948909103)
Orf(32816, 33110, -169.7557171990534325156362386)
Orf(32816, 33230, -301.6825953907738426176831085)
Orf(33187, 33313, -19.98746622512715938568779773)
Orf(33187, 33328, -48.06142788807583649480640101)
Orf(33187, 33382, -5.832097877622364693704256095)
Orf(33187, 33406, -3.978964589134166032709690299)
Orf(33187, 33433, -6.627241199081633376120165563)
Orf(33187, 33448, -6.259269640720666629319141246)
Orf(33187, 33454, -77.80320723251951972032071580)
Orf(33396, 33504, -0.2838499333313549272708993615)
Orf(33357, 33504, -2.557190520745094357065068879)
Orf(33299, 33461, -5.543907522419491717129917119)
Orf(33299, 33533, -0.6073537650381933124140988039)
Orf(33546, 33639, -0.1485121954337683226793918609)
Orf(33622, 33709, -0.1411815938302380046908562912)
Orf(33536, 33671, -0.2603535837801563087376801832)
Orf(33536, 33731, -6.332689909149274500514852254)
Orf(33536, 33827, -51.67216840586992212787328315)
Orf(33536, 33902, -516.2921498183033909350857700)
Orf(33898, 33991, -0.08074519753871771273288363381)
Orf(33917, 34004, -1.543843268052211305138694683)
Orf(34065, 34203, -4.434457425472979698493378550)
Orf(34047, 34203, -0.6762735723797551829496704642)
Orf(34100, 34262, -0.1117946694223661790688045883)
Orf(34097, 34262, -0.1134153758860068771006728652)
Orf(34031, 34262, -3.682792894963206291890416935)
Orf(34013, 34262, -0.5573900891272460834264640802)
Orf(34179, 34272, -0.1093456151830612945634327038)
Orf(34087, 34177, -2.419067057392327678331747735)
Orf(34087, 34189, -3.382118653201482064994127079)
Orf(34087, 34207, -4.941627780339847422507408182)
Orf(34087, 34285, -20.40772203978770653342125439)
Orf(34261, 34384, -0.09297369694286616782312128732)
Orf(34249, 34384, -0.09277029567065185841755384483)
Orf(34219, 34384, -0.1168062586913393216643026149)
Orf(34433, 34532, -0.5813005464470700894833793332)
Orf(34424, 34532, -0.5552524647610352548714018564)
Orf(34373, 34532, -0.9392301618909515581983433739)
Orf(34640, 34751, -1.251495337837260367856335096)
Orf(34787, 34877, -1.411214680523638144990011201)
Orf(34787, 34910, -0.1174449307227943639550107904)
Orf(34905, 35034, -0.6982915758157800073037472310)
Orf(34902, 35034, -1.811642110397747078934650316)
Orf(34887, 35034, -0.8827949791975278952435675463)
Orf(34851, 35034, -6.750481886416112073065950386)
Orf(34818, 35034, -4.457481482511579463499252286)
Orf(34812, 35034, -119.5693060568149774294006127)
Orf(34773, 35034, -26.43045215281125204738884205)
Orf(34758, 35034, -354.9011195943452545381953439)
Orf(34692, 35034, -70.46907826055319456391506071)
Orf(34644, 35034, -82.82614832240561292800136098)
Orf(34560, 35034, -3024.239757864328651654465847)
Orf(34554, 35034, -5285.536317672232495280636973)
Orf(34524, 35034, -676.4390538924831155834614855)
Orf(34497, 35034, -11823.90586214132141366575604)
Orf(34485, 35034, -13684.64893794772480700107747)
Orf(34482, 35034, -710.4324386920442555795789189)
Orf(34988, 35078, -0.2161886048225974748214785157)
Orf(35084, 35189, -1.223336001319668233002584666)
Orf(35167, 35311, -0.06404112886009502358469825701)
Orf(35152, 35311, -0.06628699576325607150600447326)
Orf(35131, 35311, -0.07478226663000485999177068861)
Orf(35037, 35184, -0.5928007760881332142035983396)
Orf(35037, 35286, -1.271898002063267909670163455)
Orf(35037, 35358, -42.47478029471120490639026638)
Orf(35037, 35436, -70.44022824529137999211873930)
Orf(35394, 35511, -1.046122779417394424774740927)
Orf(35374, 35491, -0.2392507020785272475709437864)
Orf(35471, 35579, -2.164300690183986753063752720)
Orf(35438, 35579, -0.1205534337287096047501778448)
Orf(35390, 35579, -0.3281854397374789957238307535)
Orf(35387, 35579, -0.3330752624448994193209769939)
Orf(35384, 35579, -0.1412591966731191238543359005)
Orf(35351, 35579, -0.5755773150894165432054284119)
Orf(35345, 35579, -0.4179689791604302417455747840)
Orf(35297, 35579, -0.3163989081201875237312649232)
Orf(35270, 35579, -0.6657813062829476399368926737)
Orf(35583, 35670, -0.2419080223164799359898969237)
Orf(35568, 35670, -0.5845512367512485222436670609)
Orf(35611, 35707, -1.394295623294418395102476890)
Orf(35602, 35707, -0.1782059638120715995628282210)
Orf(35581, 35707, -2.049303485597105387863035359)
Orf(35732, 35852, -0.7623003265986324205016845049)
Orf(35720, 35852, -0.4527194992152815699014636138)
Orf(35699, 35852, -0.8375199123233754242716900296)
Orf(35669, 35852, -14.38867025375199319935115772)
Orf(35855, 35951, -0.1650740585667749890465538640)
Orf(36039, 36147, -0.1057111007150509539275989027)
Orf(36118, 36208, -4.555903549201187898382059148)
Orf(36115, 36208, -5.091473530775637175425060810)
Orf(36094, 36208, -0.4717466758769592313672255053)
Orf(36176, 36269, -1.058842455259406764612772631)
Orf(35825, 35921, -3.296486372416768860028776893)
Orf(35825, 35948, -0.1953392200847151167450856400)
Orf(35825, 35966, -0.3330982692159003185924972798)
Orf(35825, 36017, -16.13959295729072644176951806)
Orf(35825, 36077, -1.346470871012069550331895279)
Orf(35825, 36101, -16.94268523885770077522822817)
Orf(35825, 36122, -1.427146945211641109529876597)
Orf(35825, 36242, -88.09662710811168905477018809)
Orf(35825, 36257, -221.7561133782508485585697582)
Orf(36559, 36661, -1.476547416973273455873594738)
Orf(36630, 36717, -0.08024852581669897023341751296)
Orf(36546, 36717, -1.744527726600543950968014512)
Orf(36507, 36717, -0.09837228557694677815876564343)
Orf(36778, 36880, -3.612366378618388291144882984)
Orf(36739, 36880, -6.392861445566473587582578696)
Orf(36706, 36880, -0.7623349291468572203281034093)
Orf(36769, 36862, -3.032989099636532821900262020)
Orf(36769, 36889, -0.2254710985886527571905326632)
Orf(36816, 36918, -0.1565683812072743068879458952)
Orf(36813, 36918, -1.324766448241690405805832733)
Orf(36780, 36918, -0.2172464041581943860979145745)
Orf(36910, 36997, -0.1426565099377925848337065852)
Orf(36275, 36557, -24.26922460511884080574649177)
Orf(36275, 36644, -299.7418166166845081418540097)
Orf(36275, 36668, -3352.127416550016393272746431)
Orf(36275, 36674, -3879.237248337996176202080040)
Orf(36275, 36701, -8582.928286916511495446731905)
Orf(36275, 36743, -17211.84051228783520059400707)
Orf(36275, 36833, -1135.406544815384236534950411)
Orf(36275, 36851, -1091.899458396735821989176920)
Orf(36275, 36983, -27199.73347630019129014262482)
Orf(36275, 37112, -5802557.027816347506711957447)
Orf(37132, 37252, -1.737810410807937744480404028)
Orf(37199, 37289, -3.103921753914954427120774535)
Orf(37481, 37574, -0.5356875339952435791101751111)
Orf(37478, 37574, -0.2335486943279140736674036221)
Orf(37463, 37574, -0.2252015205240429665967058676)
Orf(37489, 37609, -1.902447615765117012033431773)
Orf(37468, 37609, -0.1293814732651797294554240470)
Orf(37396, 37609, -2.388503190870920087849612070)
Orf(37363, 37609, -0.1289953842047816650947064218)
Orf(37547, 37634, -4.052201172004938698882618912)
Orf(37547, 37640, -0.5103627758731745026364416629)
Orf(37547, 37673, -6.844356974896456793202752841)
Orf(37547, 37718, -0.5053480767452329179469291737)
Orf(37547, 37742, -0.7817705604347514943155877946)
Orf(37547, 37763, -20.53266603279796251492152190)
Orf(37777, 37873, -1.170051609084747774971393257)
Orf(37774, 37873, -0.05910448479494315323982247564)
Orf(37766, 37856, -2.177387711203706007144936410)
Orf(37766, 37871, -3.103312063245622355010474699)
Orf(37766, 37901, -0.1885001800062486785358151409)
Orf(37227, 37335, -0.4761275566362795061156781470)
Orf(37227, 37446, -15.37545093765886106397641456)
Orf(37227, 37488, -21.91468227419342498957926113)
Orf(37227, 37599, -34.86665025367323897908725839)
Orf(37227, 37659, -61.04643960220611503389761205)
Orf(37227, 37677, -101.2700492990188802259992499)
Orf(37227, 37746, -15.02127148708157824548207660)
Orf(37227, 37812, -878.7089033260164760190576990)
Orf(37227, 37818, -987.3036041285049307704942327)
Orf(37227, 37938, -11676.73219521400520345260432)
Orf(37931, 38054, -0.2892746270796830125958783175)
Orf(37919, 38054, -6.759107426766992796541704431)
Orf(37913, 38054, -0.8658140080533139247449706896)
Orf(37892, 38054, -0.9919302375402442815266346716)
Orf(37900, 38047, -0.2320965699411841187861663179)
Orf(37900, 38086, -0.3190517702758927521802945200)
Orf(37900, 38119, -0.6241403245046484405940729420)
Orf(37900, 38143, -16.33326894062026294572826551)
Orf(38069, 38165, -2.165892695392256715562859219)
Orf(38074, 38239, -14.54484725215977173715318245)
Orf(38041, 38239, -66.53388853743888213314072165)
Orf(38190, 38280, -1.863578162244382374304976886)
Orf(38190, 38283, -0.09393171705920059749422182445)
Orf(38190, 38295, -0.2291737769067463387596667725)
Orf(38317, 38413, -0.08076011802844109919735806113)
Orf(38558, 38651, -3.707415184268869778492451742)
Orf(38516, 38651, -7.071317459809335654716236380)
Orf(38456, 38651, -2.825187672899742635828365300)
Orf(38426, 38651, -33.10783191363399178932750908)
Orf(38408, 38651, -3.179566487852578293882190100)
Orf(38360, 38651, -151.7509747690541144888544737)
Orf(38303, 38651, -37.22878763445596234405823155)
Orf(38300, 38651, -325.5808524273774756764627943)
Orf(38338, 38557, -2.691992507095904857593575502)
Orf(38338, 38593, -0.3482927426413394655519158518)
Orf(38338, 38596, -0.1471477974031161724163931515)
Orf(38513, 38633, -0.2212708515845812702967872086)
Orf(38513, 38657, -6.476260344866562506225563699)
Orf(38513, 38672, -0.4733729507185830499822298058)
Orf(38580, 38724, -0.1265776178898173900175449874)
Orf(38547, 38724, -0.2370376996665885056353289134)
Orf(38532, 38724, -0.1786668712142130362720082880)
Orf(38523, 38724, -0.1873663806232222903731875404)
Orf(38463, 38724, -0.2595099084956512320771004846)
Orf(38430, 38724, -0.2559900634171220181167432973)
Orf(38403, 38724, -0.7596177589636917967407019664)
Orf(38367, 38724, -1.011162126612958703001256146)
Orf(38592, 38682, -1.329492348573171704815871463)
Orf(38592, 38709, -0.07295245915886156449739295859)
Orf(38729, 38819, -0.1565477658566540899825044466)
Orf(38782, 38905, -0.3942203207414662422592326064)
Orf(38867, 38957, -1.495620097044650372131036696)
Orf(38846, 38957, -0.08859675999203927510774686285)
Orf(38904, 38997, -1.881335676639555923955634151)
Orf(38904, 39018, -2.659994928142771885691648777)
Orf(38904, 39033, -2.995639493964290105357317108)
Orf(39096, 39186, -0.1204279343784213566378403509)
Orf(39002, 39215, -0.4710417284010350607977487716)
Orf(39134, 39230, -0.1535013857660264629499668785)
Orf(39234, 39396, -2.376314342241328030820179610)
Orf(39234, 39429, -0.1598451921733280332504960113)
Orf(39234, 39462, -0.1492938553977735636334041951)
Orf(39234, 39495, -0.1882506268898597919953470869)
Orf(39234, 39504, -0.2015891982194737689586919867)
Orf(39234, 39531, -0.2675581597295776855306402754)
Orf(39234, 39555, -0.6079560921747026885834815804)
Orf(39316, 39484, -0.2784448360260681139906378092)
Orf(39316, 39508, -0.4102204409978965806672684816)
Orf(39448, 39583, -0.4963743723006482510482969220)
Orf(39403, 39583, -0.9242559392313146756592479751)
Orf(39397, 39583, -9.362233017988121875614242212)
Orf(39364, 39583, -13.05762072101320755701969673)
Orf(39298, 39583, -4.304773159349225413433645128)
Orf(39295, 39583, -43.70278958605900983283440511)
Orf(39286, 39583, -39.15617154350088006884253026)
Orf(39214, 39583, -10.13916821170269435126135823)
Orf(39211, 39583, -10.72477364230242184821830533)
Orf(39088, 39583, -18.03175407584266619900141683)
Orf(38998, 39583, -1381.945567963905706197872429)
Orf(38971, 39583, -1849.104241726785737526695542)
Orf(38884, 39583, -15299.32798750423112798123169)
Orf(38839, 39583, -2864.961982687898559240789242)
Orf(38788, 39583, -57232.66454204991248648827592)
Orf(38749, 39583, -31721.86195675132670617639805)
Orf(38686, 39583, -539855.4989142559519467821104)
Orf(39835, 39922, -2.727165270908475167552338566)
Orf(39494, 39590, -1.122402894175941049233244082)
Orf(39494, 39641, -0.07484302878321244599266903089)
Orf(39494, 39644, -0.07610789315246897666642603443)
Orf(39494, 39647, -1.574168318146303361837600702)
Orf(39494, 39698, -1.909182415149955444404281221)
Orf(39494, 39701, -0.09689853880132996577099784318)
Orf(39494, 39818, -0.4351954720761735695186021053)
Orf(39494, 39821, -0.4379669987430510545110143487)
Orf(39980, 40091, -0.06861585525298736991149467825)
Orf(40006, 40135, -2.496558971490165751900821200)
Orf(39961, 40135, -0.1392158140975154691059981797)
Orf(39901, 40135, -0.1580202455218011218780659996)
Orf(39898, 40135, -0.1673214178004420261143891390)
Orf(40194, 40281, -1.515153880442674821377244192)
Orf(40134, 40281, -2.650100280813727931269241489)
Orf(40071, 40281, -5.112047072410426988791908338)
Orf(39966, 40281, -36.65554834312787180736633351)
Orf(39846, 40281, -90.12089769479673832862753063)
Orf(39825, 40281, -150.9866065605683074090206242)
Orf(39768, 40281, -31.39594600252008421743151889)
Orf(39708, 40281, -67.74199408929359337683797183)
Orf(39648, 40281, -1531.449299295999157879886291)
Orf(39627, 40281, -1663.931082150778924838392791)
Orf(39603, 40281, -2820.977864409126227430010738)
Orf(39582, 40281, -5860.217811517125417423549570)
Orf(40209, 40296, -0.08177389516257244906275578305)
Orf(40064, 40193, -2.168046240747062618183469111)
Orf(40064, 40247, -0.07189350788143338608323442200)
Orf(40064, 40304, -1.887999665163775105517109781)
Orf(40064, 40319, -1.982783278857939771266858822)
Orf(40445, 40568, -1.071758902922996992446513147)
Orf(40397, 40568, -13.52685732246762196633138153)
Orf(40280, 40568, -64.71787060903545482998052843)
Orf(40953, 41082, -3.830008199774151949042050576)
Orf(40926, 41082, -0.8576510751631647674104413078)
Orf(40866, 41082, -2.351139751870334658952005633)
Orf(40644, 41082, -700.4397479590659613133070447)
Orf(40626, 41082, -31.51587533790524307979054043)
Orf(41173, 41278, -0.06389073355494926620601759691)
Orf(41314, 41416, -1.336787543184493630199101903)
Orf(41332, 41440, -0.2877474230581438314263414848)
Orf(41332, 41443, -0.1279362197088234184406440753)
Orf(41660, 41753, -3.263783593091552011567789625)
Orf(41476, 41641, -1.712270801398186448506061764)
Orf(41476, 41650, -1.817781345686290055738134354)
Orf(41476, 41686, -0.1021649078628840440590200334)
Orf(41476, 41725, -2.867254894251500600652925766)
Orf(41476, 41728, -0.2599136183154386589828278847)
Orf(41855, 41951, -2.594946152148774310331742663)
Orf(41816, 41951, -7.071067548925703591817127229)
Orf(41792, 41951, -14.87277699027862311355795242)
Orf(41777, 41951, -12.28241260046997537497373086)
Orf(41741, 41951, -3.526609440550536139598050271)
Orf(41702, 41951, -8.539155255571755413708735695)
Orf(41612, 41951, -15.21682931078705757553852604)
Orf(41369, 41951, -13394.65657611492419002550722)
Orf(41342, 41951, -27286.51971693377310713419181)
Orf(41264, 41951, -4684.304784616743371622674079)
Orf(41234, 41951, -22523.65274003860330241206813)
Orf(41207, 41951, -311910.5312628423819451905342)
Orf(41183, 41951, -463064.9030830705556683600343)
Orf(41168, 41951, -93092.92711235919542024223851)
Orf(41138, 41951, -1062312.891678902235473000675)
Orf(41126, 41951, -91547.48690710734325387829735)
Orf(41081, 41951, -3237902.339673077028607870514)
Orf(41063, 41951, -3428910.170176920972366664598)
Orf(41051, 41951, -408129.8100688973126147074626)
Orf(41021, 41951, -413515.8874358499322338273484)
Orf(41829, 41973, -6.266736637325311795433462293)
Orf(41745, 41973, -2.087752168100439122157643457)
Orf(41739, 41973, -20.82601166607341939512722257)
Orf(41718, 41973, -17.90704087190823605119188093)
Orf(41709, 41973, -8.565324436339112202235034268)
Orf(41691, 41973, -28.23857235176974934570354788)
Orf(41679, 41973, -1.365814223962426725313561371)
Orf(41565, 41973, -4.519998775223524875490470344)
Orf(41547, 41973, -5.890315829773812490721691945)
Orf(41848, 42007, -0.06624461690383271253292924813)
Orf(41953, 42121, -2.566692467494431796909886018)
Orf(41950, 42121, -2.546004510058261618842883404)
Orf(42038, 42167, -0.5501166434311687466433295581)
Orf(41972, 42167, -1.836128540102371304166058812)
Orf(41897, 42002, -0.1694712595368808032753752607)
Orf(41897, 42047, -0.6299657644448693962480549338)
Orf(41897, 42050, -0.2772520141247634287829113371)
Orf(41897, 42065, -0.7677128718431499430316447271)
Orf(41897, 42113, -1.047505380834100298745777038)
Orf(41897, 42119, -9.525065371547847836992895926)
Orf(41897, 42137, -0.7191546525110740148888188309)
Orf(41897, 42158, -1.945547677070313916820403328)
Orf(41897, 42173, -1.266930958479693419200724195)
Orf(41897, 42209, -2.381217374639765679585044201)
Orf(42012, 42222, -0.2381123604774027453970819202)
Orf(42090, 42270, -1.011881680600601244418860774)
Orf(42350, 42437, -0.5022488089272965484360065659)
Orf(42269, 42437, -3.243757745138518356586694300)
Orf(42239, 42437, -4.119830107230467577442277826)
Orf(42227, 42437, -3.910014109859181535891921445)
Orf(42317, 42416, -0.3587025033351180795576758429)
Orf(42327, 42486, -0.1479785403423133796466586717)
Orf(42665, 42752, -0.2734297351083762517935283800)
Orf(42769, 42895, -2.673794138783120879658523923)
Orf(42726, 42831, -0.2831757368552535999785991138)
Orf(42726, 42837, -0.1306737402647520025946144001)
Orf(42726, 42858, -0.4438613221588309074249087529)
Orf(42846, 43041, -1.787894116773237236552776171)
Orf(42843, 43041, -1.926483012421766781749828287)
Orf(42432, 43041, -805.8927084147360724020813929)
Orf(42429, 43041, -844.2551319597125313424181496)
Orf(42830, 42974, -0.07960801756448494088994000553)
Orf(42830, 42983, -0.08247582519955065330260692139)
Orf(42830, 43007, -0.08767111702580677104094935129)
Orf(42936, 43083, -5.457697857031382171179449191)
Orf(42936, 43107, -0.7638039612126661381038003091)
Orf(43093, 43183, -0.06893714592912329803805033636)
Orf(43093, 43195, -1.144529664882861435534275581)
Orf(43049, 43172, -0.3753897310028710660996766952)
Orf(43049, 43202, -5.878065189106280769094029883)
Orf(43070, 43244, -14.65865656767738610314291243)
Orf(43040, 43244, -28.70144441466369556201632601)
Orf(43268, 43376, -0.08488816984355733378664813307)
Orf(43194, 43287, -0.3308760398855138238513165054)
Orf(43295, 43415, -0.2736045508488721802293690281)
Orf(43476, 43572, -5.858904934821660814341125390)
Orf(43483, 43594, -0.3163732320063524225229571820)
Orf(43468, 43594, -3.393581052577693036634340590)
Orf(43465, 43594, -0.1742702812404946950832784378)
Orf(43593, 43686, -6.531771213792323020930436036)
Orf(43725, 43815, -0.1561067796478359662613383807)
Orf(43791, 43887, -0.6063816847915988840916912606)
Orf(43740, 43887, -1.396913700490290124395890127)
Orf(43608, 43887, -17.70259645514888480639259864)
Orf(43461, 43887, -3391.319779091524268314613708)
Orf(43458, 43887, -3307.980967861277924464362494)
Orf(43371, 43887, -1051.772629758699522187512446)
Orf(43362, 43887, -1971.851916765184799235593898)
Orf(43308, 43887, -56617.11108596533993073364739)
Orf(43224, 43887, -519815.3407138074017148242164)
Orf(43215, 43887, -59312.61242731320152408243414)
Orf(43152, 43887, -614224.7242448082435229918250)
Orf(43149, 43887, -32762.01690786275041920004605)
Orf(43912, 44071, -0.09654451529051041919940043280)
Orf(43912, 44086, -0.1096403945728529825260184551)
Orf(44203, 44326, -0.05983060473145405311244993963)
Orf(44012, 44099, -0.1613337862581407883453987984)
Orf(44012, 44108, -0.4953413656406430737120953246)
Orf(44012, 44174, -0.3277663416445840293107277021)
Orf(44012, 44249, -9.339287359309372420149343935)
Orf(44274, 44376, -0.1632053222592127660330628779)
Orf(44268, 44376, -0.2275120826708690957233343741)
Orf(44262, 44376, -0.4249708049660629332134686899)
Orf(44250, 44376, -5.511682197558408465842836038)
Orf(44214, 44376, -0.7719308786420973062891357925)
Orf(44196, 44376, -8.438259254015867647747227277)
Orf(44145, 44376, -1.073562519214224116018488134)
Orf(44133, 44376, -3.551013865843219945370544254)
Orf(44130, 44376, -3.652006666508332622843953342)
Orf(44103, 44376, -1.533090078536306094575669273)
Orf(44157, 44343, -0.2799100009425218075368161319)
Orf(44157, 44355, -0.2857050375341952034978787740)
Orf(44157, 44364, -5.825559316831327410673175758)
Orf(44157, 44391, -0.4482459402478088210326803006)
Orf(44323, 44425, -2.228198108833655841851055970)
Orf(44314, 44425, -0.2823341772414312966161343880)
Orf(44290, 44425, -0.2701770975435867969179368576)
Orf(44338, 44461, -0.1226731382946331448034507604)
Orf(44338, 44482, -0.1291887746160048625111586233)
Orf(44338, 44485, -2.670426080019924435540537872)
Orf(44338, 44500, -0.3685733524256423627898636934)
Orf(44381, 44507, -5.345135361360239249587846554)
Orf(44375, 44507, -0.6506341654522408282506510000)
Orf(44348, 44507, -5.251853575485761636804287450)
Orf(44177, 44507, -1.576112654064616411740908337)
Orf(44135, 44507, -2.493322985369933638084426724)
Orf(44096, 44507, -41.44026526139729799159045211)
Orf(44030, 44507, -141.2387626283392267563259393)
Orf(44003, 44507, -154.8332067089164925699572209)
Orf(43997, 44507, -159.9716091787117928703027355)
Orf(43988, 44507, -162.4827058596129497995262711)
Orf(43985, 44507, -19.74466523332592265168842109)
Orf(43934, 44507, -154.8047085973265957596360892)
Orf(43931, 44507, -160.5491260222711479178460503)
Orf(43886, 44507, -478.3772677659362971498161378)
Orf(44538, 44688, -0.3009600265423073889164056722)
Orf(44717, 44813, -1.986766108763455743417336024)
Orf(44621, 44813, -1.979881777164493428010407283)
Orf(44662, 44758, -2.219981811959069925708950143)
Orf(44654, 44789, -0.08503227093224362842694396369)
Orf(44654, 44897, -0.4902510012330250622798814454)
Orf(44654, 44900, -0.2157183388391024119047021278)
Orf(44654, 44930, -0.3193360806148372205552792712)
Orf(44654, 44936, -0.8253627495574367485246113049)
Orf(45151, 45253, -0.05711199313659083741235674715)
Orf(45151, 45268, -0.07980419775075789173874916420)
Orf(45205, 45319, -1.707646125966891716873033787)
Orf(45147, 45240, -0.2039165872054361068752616921)
Orf(45170, 45341, -2.901389828292308293376463670)
Orf(45170, 45356, -4.197708100233299213434886697)
Orf(45170, 45392, -0.1935758618670277268469969230)
Orf(45414, 45507, -0.2558001525215452480881039263)
Orf(45333, 45507, -4.890497154000579529178694294)
Orf(45270, 45507, -12.50104569937545316536737283)
Orf(45213, 45507, -1.295106434686373301905299861)
Orf(45192, 45507, -44.40897493488091107112362210)
Orf(45186, 45507, -70.56246630384320264812086395)
Orf(45384, 45504, -0.1697993804429120121704500262)
Orf(45472, 45583, -3.347925514415989295372558667)
Orf(45668, 45776, -1.297095564190306640745700629)
Orf(45824, 45917, -0.2269974692621348567253791093)
Orf(45821, 45917, -0.2314503516908966281610032330)
Orf(45815, 45917, -0.1023641043300671763883301800)
Orf(45809, 45923, -0.1132453300960893087125893908)
Orf(45811, 45967, -6.138389444576998390569903191)
Orf(45778, 45967, -0.7295366494680723353248860997)
Orf(45772, 45967, -1.761891185613908265016631985)
Orf(45532, 45967, -362.7022343902095197652230344)
Orf(45493, 45967, -1271.359802174267015403250789)
Orf(45920, 46034, -0.2864528211124383872613518896)
Orf(46136, 46247, -1.131102669556368973261477422)
Orf(46136, 46250, -0.05714147143385797453835148475)
Orf(46273, 46366, -0.1763056649700810073572777082)
Orf(46222, 46366, -0.1316681043179747695658514262)
Orf(46219, 46366, -2.818112716029404204549000354)
Orf(46216, 46366, -3.020021910501691321704491731)
Orf(46213, 46366, -0.3778735564196030840192005099)
Orf(46204, 46366, -3.445191707599665666140120570)
Orf(46201, 46366, -3.700780996911414162050109950)
Orf(46186, 46366, -11.95199165969637387153906101)
Orf(46296, 46425, -0.7854872959205674891950699169)
Orf(46269, 46425, -1.162818564765020698937786149)
Orf(46242, 46425, -0.3405867697853563260222078730)
Orf(46131, 46425, -19.85275488398762462116860071)
Orf(46125, 46425, -21.98626369991359762107185234)
Orf(45966, 46425, -187.9565118650653007658734469)
Orf(46266, 46377, -0.1432654348732205410852110011)
Orf(46266, 46383, -0.1599616402462067729749590582)
Orf(46266, 46452, -6.617681861822743139647415698)
Orf(46266, 46476, -1.280665618075528515056667923)
Orf(46499, 46634, -2.095738789257179189431620157)
Orf(46636, 46738, -2.073974297694456048628506187)
Orf(46633, 46738, -2.173789688188009695643470574)
Orf(46540, 46738, -0.2306193713917444533666733196)
Orf(46556, 46703, -1.499922013975232074810495560)
Orf(46459, 46741, -10.50647854443563472432240004)
Orf(46459, 46750, -15.25173152974365843488533334)
Orf(46856, 46949, -2.901464517173997326663120341)
Orf(46860, 46953, -1.939587192283105157332204413)
Orf(46900, 47017, -0.1512690608815662026590019227)
Orf(46896, 46983, -0.2606282073332020080308308198)
Orf(46896, 46992, -2.649554321378938186468046608)
Orf(47035, 47128, -2.868704274929282943699833209)
Orf(47035, 47167, -0.4703178945824987010673713579)
Orf(47042, 47210, -0.1964633269572969961588028265)
Orf(47042, 47291, -4.030596578848079292452391979)
Orf(47042, 47312, -6.561627306854025524081795353)
Orf(47042, 47387, -13.38365303972208752532632052)
Orf(47042, 47411, -63.05831826674206514061121906)
Orf(47042, 47450, -1493.073594927499972260271492)
Orf(47042, 47492, -1863.756623107486329773978324)
Orf(47042, 47573, -1541.179505140752784603093345)
Orf(47530, 47650, -0.08296074519733903074210319763)
Orf(47601, 47700, -0.2559283843630148393823581191)
Orf(47589, 47700, -0.1238264876718486597095872531)
Orf(47572, 47665, -0.08556198150311755583822279817)
Orf(47572, 47734, -0.2082063407641503108271786605)
Orf(47572, 47806, -0.7550443623962112926101202442)
Orf(47572, 47809, -7.274482224310917913615195896)
Orf(47816, 47942, -12.16343412947757301067609927)
Orf(47795, 47942, -13.88980176028860129361689727)
Orf(47771, 47942, -2.355724642307439153042428869)
Orf(47738, 47942, -32.00588826470806302730756041)
Orf(47699, 47852, -3.752339641054474429556254799)
Orf(47699, 47903, -0.7630399189455476450037476715)
Orf(48211, 48298, -0.1018472347518356978520915159)
Orf(48109, 48241, -2.883827689579754899193494926)
Orf(48109, 48301, -3.995620009177281855280272175)
Orf(48224, 48329, -4.292912878618646417293620027)
Orf(48179, 48329, -7.594622706714973170690813388)
Orf(48319, 48430, -0.8335828177445964171151409224)
